0
2 1 0 0 0 0 0 0 0 0 0 0 0 1 0 
0
2 1 0 0 0 0 0 0 0 0 0 0 1 0 0 
0
1 1 0 0 0 0 0 0 0 0 0 0 0 1 0 
0
1 1 0 0 0 0 0 0 0 0 0 0 0 1 0 
0
1 1 0 0 0 0 0 0 0 0 0 0 0 1 0 
0
2 1 0 0 0 0 0 0 0 0 0 0 0 1 0 
0
2 1 0 0 0 0 0 0 0 0 0 0 0 0 0 
0
2 1 0 0 0 0 0 0 0 0 0 0 0 1 0 
0
2 1 0 0 0 0 0 0 0 0 0 0 0 1 0 
0
2 1 0 0 0 0 0 0 0 0 0 0 1 0 0 
0
1 1 0 0 0 0 0 0 0 0 0 0 0 0 0 
0
1 1 0 0 0 0 0 0 0 0 0 0 1 0 0 
0
1 1 0 0 0 0 0 0 0 0 0 0 0 0 0 
0
1 1 0 0 0 0 0 0 0 0 0 0 1 0 0 
0
1 1 0 0 0 0 0 0 0 0 0 0 0 0 0 
0
2 1 0 0 0 0 0 0 0 0 0 0 0 1 0 
0
2 1 0 0 0 0 0 0 0 0 0 0 0 1 0 
0
2 1 0 0 0 0 0 0 0 0 0 0 0 1 0 
0
1 1 0 0 0 0 0 0 0 0 0 0 0 0 0 
0
2 1 0 0 0 0 0 0 0 0 0 0 1 0 0 
0
2 1 0 0 0 0 0 0 0 0 0 0 0 0 0 
0
1 1 0 0 0 0 0 0 0 0 0 0 0 0 0 
0
2 1 0 0 0 0 0 0 0 0 0 0 1 0 0 
0
1 1 0 0 0 0 0 0 0 0 0 0 0 0 0 
0
1 1 0 0 0 0 0 0 0 0 0 0 1 0 0 
0
2 1 0 0 0 0 0 0 0 0 0 0 0 1 0 
0
2 1 0 0 0 0 0 0 0 0 0 0 1 0 0 
0
1 1 0 0 0 0 0 0 0 0 0 0 0 1 0 
90
2 0 0 0 0 0 0 0 1 0 0 0 1 0 0 
0
1 1 0 0 0 0 0 0 0 0 0 0 1 0 0 
0
1 1 0 0 0 0 0 0 0 0 0 0 0 0 0 
0
1 1 0 0 0 0 0 0 0 0 0 0 0 1 0 
0
2 1 0 0 0 0 0 0 0 0 0 0 0 1 0 
0
2 1 0 0 0 0 0 0 0 0 0 0 0 1 0 
101
3 0 0 0 0 0 0 0 0 0 0 0 1 0 1 
101
3 0 0 0 0 0 0 0 0 0 0 0 0 0 0 
0
1 1 0 0 0 0 0 0 0 0 0 0 0 1 0 
0
2 1 0 0 0 0 0 0 0 0 0 0 1 0 0 
101
3 0 0 0 0 0 0 0 0 0 0 0 1 0 0 
0
2 1 0 0 0 0 0 0 0 0 0 0 1 0 0 
0
1 1 0 0 0 0 0 0 0 0 0 0 1 0 0 
0
1 1 0 0 0 0 0 0 0 0 0 0 0 1 0 
0
1 1 0 0 0 0 0 0 0 0 0 0 0 0 0 
0
1 1 0 0 0 0 0 0 0 0 0 0 1 0 0 
0
2 1 0 0 0 0 0 0 0 0 0 0 0 1 0 
0
2 1 0 0 0 0 0 0 0 0 0 0 0 1 0 
0
2 1 0 0 0 0 0 0 0 0 0 0 0 1 0 
0
1 1 0 0 0 0 0 0 0 0 0 0 1 0 0 
0
2 1 0 0 0 0 0 0 0 0 0 0 0 0 0 
0
1 1 0 0 0 0 0 0 0 0 0 0 0 0 0 
101
2 1 0 0 0 0 0 0 0 0 0 0 0 0 1 
99
1 1 0 0 0 0 0 0 1 0 1 1 0 1 0 
0
1 1 0 0 0 0 0 0 0 0 0 0 0 0 0 
0
2 1 0 0 0 0 0 0 0 0 0 0 0 0 0 
0
2 1 0 0 0 0 0 0 0 0 0 0 0 1 0 
0
1 1 0 0 0 0 0 0 0 0 0 0 0 1 0 
0
2 1 0 0 0 0 0 0 0 0 0 0 0 0 0 
0
1 1 0 0 0 0 0 0 0 0 0 0 1 0 0 
0
1 1 0 0 0 0 0 0 0 0 0 0 0 1 0 
0
1 1 0 0 0 0 0 0 0 0 0 0 0 1 0 
0
2 1 0 0 0 0 0 0 0 0 0 0 1 0 0 
0
1 1 0 0 0 0 0 0 0 0 0 0 0 0 0 
0
2 1 0 0 0 0 0 0 0 0 0 0 1 0 0 
0
2 1 0 0 0 0 0 0 0 0 0 0 0 1 0 
59
1 1 0 0 0 0 0 0 1 0 0 0 1 0 0 
0
1 1 0 0 0 0 0 0 0 0 0 0 0 1 0 
0
2 1 0 0 0 0 0 0 0 0 0 0 1 0 0 
0
1 1 0 0 0 0 0 0 0 0 0 0 0 1 0 
99
1 1 0 0 0 0 0 0 1 0 1 1 0 1 0 
99
2 1 0 0 0 0 0 0 1 0 1 1 0 0 0 
0
1 1 0 0 0 0 0 0 0 0 0 0 0 0 0 
0
2 1 0 0 0 0 0 0 0 0 0 0 0 0 0 
0
1 1 0 0 0 0 0 0 0 0 0 0 1 0 0 
101
2 1 0 0 0 0 0 0 0 0 0 0 0 1 1 
0
1 1 0 0 0 0 0 0 0 0 0 0 1 0 0 
0
1 1 0 0 0 0 0 0 0 0 0 0 0 1 0 
100
1 0 0 0 0 0 0 0 1 0 1 1 0 1 0 
0
2 1 0 0 0 0 0 0 0 0 0 0 1 0 0 
0
1 1 0 0 0 0 0 0 0 0 0 0 1 0 0 
0
1 1 0 0 0 0 0 0 0 0 0 0 1 0 0 
0
2 1 0 0 0 0 0 0 0 0 0 0 1 0 0 
0
2 1 0 0 0 0 0 0 0 0 0 0 0 0 0 
0
2 1 0 0 0 0 0 0 0 0 0 0 0 1 0 
0
2 1 0 0 0 0 0 0 0 0 0 0 1 0 0 
0
1 1 0 0 0 0 0 0 0 0 0 0 0 1 0 
0
1 1 0 0 0 0 0 0 0 0 0 0 1 0 0 
0
1 1 0 0 0 0 0 0 0 0 0 0 1 0 0 
0
2 1 0 0 0 0 0 0 0 0 0 0 0 0 0 
0
1 1 0 0 0 0 0 0 0 0 0 0 0 0 0 
0
2 1 0 0 0 0 0 0 0 0 0 0 1 0 0 
0
1 1 0 0 0 0 0 0 0 0 0 0 1 0 0 
0
2 1 0 0 0 0 0 0 0 0 0 0 0 0 0 
0
1 1 0 0 0 0 0 0 0 0 0 0 1 0 0 
99
2 1 0 0 0 0 0 0 1 0 1 1 0 1 0 
0
1 1 0 0 0 0 0 0 0 0 0 0 0 0 0 
0
2 1 0 0 0 0 0 0 0 0 0 0 0 0 0 
0
2 1 0 0 0 0 0 0 0 0 0 0 1 0 0 
0
2 1 0 0 0 0 0 0 0 0 0 0 0 1 0 
0
1 1 0 0 0 0 0 0 0 0 0 0 0 1 0 
0
1 1 0 0 0 0 0 0 0 0 0 0 1 0 0 
