0
1 0 1 0 0 0 0 1 0 1 0 1 0 1 0 
0
2 1 0 0 0 0 0 0 0 0 0 0 1 0 0 
0
2 0 0 0 0 0 0 1 0 1 0 1 1 0 0 
0
2 1 0 0 0 0 0 0 0 0 0 0 0 0 0 
0
2 1 0 0 0 0 0 0 0 0 0 0 1 0 0 
0
2 0 0 0 0 0 0 1 0 1 0 1 0 1 0 
0
1 0 0 0 0 0 0 1 0 1 0 1 0 0 0 
0
1 1 0 0 0 0 0 0 0 0 0 0 0 1 0 
0
1 1 0 0 0 0 0 0 0 0 0 0 0 1 0 
0
1 1 0 0 0 0 0 0 0 0 0 0 0 1 0 
0
2 0 0 0 0 0 0 1 0 1 0 1 1 0 0 
0
1 0 1 0 0 0 0 1 0 1 0 1 0 1 0 
0
2 0 0 0 0 0 0 1 0 1 0 1 0 1 0 
0
2 1 0 0 0 0 0 1 0 1 0 1 0 0 0 
0
2 1 0 0 0 0 0 0 0 0 0 0 0 0 0 
0
2 1 0 0 0 0 0 0 0 0 0 0 0 0 0 
0
1 1 0 0 0 0 0 0 0 0 0 0 1 0 0 
0
1 0 1 0 0 0 0 1 0 1 0 1 1 0 0 
101
2 0 0 0 0 0 0 0 0 0 0 0 1 0 1 
0
1 0 1 0 0 0 0 1 0 1 0 1 1 0 0 
0
1 0 0 0 0 0 0 1 0 1 0 1 0 0 0 
0
2 1 0 0 0 0 0 0 0 0 0 0 1 0 0 
92
2 0 0 0 0 0 0 0 1 0 1 1 1 0 0 
0
1 0 0 0 0 0 0 1 0 1 0 1 0 0 0 
101
3 1 0 0 0 0 0 0 0 0 0 0 1 0 1 
0
2 1 0 0 0 0 0 0 0 0 0 0 0 1 0 
0
1 1 0 0 0 0 0 0 0 0 0 0 1 0 0 
92
1 0 0 0 0 0 0 0 1 0 0 1 1 0 0 
0
2 0 0 0 0 0 0 1 0 1 0 1 0 1 0 
0
1 1 0 0 0 0 0 1 0 1 0 1 1 0 0 
0
1 0 1 0 0 0 0 1 0 1 0 1 0 0 0 
0
1 1 0 0 0 0 0 0 0 0 0 0 0 1 0 
0
2 0 0 0 0 0 0 1 0 1 0 1 1 0 0 
0
2 0 1 0 0 0 0 1 0 1 0 1 0 1 0 
101
3 0 0 0 0 0 0 0 0 0 0 0 1 0 0 
0
2 0 0 0 0 0 0 1 0 1 0 1 1 0 0 
0
2 0 0 0 0 0 0 1 0 1 0 1 1 0 0 
0
1 0 0 0 0 0 0 1 0 1 0 1 0 1 0 
101
3 1 0 0 0 0 0 1 0 1 0 1 0 0 0 
0
2 0 0 0 0 0 0 1 0 1 0 1 1 0 0 
0
1 1 0 0 0 0 0 0 0 0 0 0 0 1 0 
0
2 1 0 0 0 0 0 1 0 1 0 1 0 0 0 
0
1 0 1 0 0 0 0 1 0 1 0 1 1 0 0 
0
2 0 1 0 0 0 0 1 0 1 0 1 1 0 0 
101
3 0 1 0 0 0 0 0 0 0 0 0 0 1 1 
0
1 1 0 0 0 0 0 0 0 0 0 0 1 0 0 
0
2 1 0 0 0 0 0 0 0 0 0 0 0 1 0 
0
1 0 0 0 0 0 0 1 0 1 0 1 0 0 0 
0
1 0 0 0 0 0 0 1 0 1 0 1 1 0 0 
0
1 1 0 0 0 0 0 0 0 0 0 0 0 0 0 
0
2 0 0 0 0 0 0 1 0 1 0 1 0 0 0 
0
2 1 0 0 0 0 0 0 0 0 0 0 0 1 0 
0
2 1 0 0 0 0 0 0 0 0 0 0 1 0 0 
92
1 0 0 0 0 0 0 0 0 0 0 1 0 1 0 
0
2 1 0 0 0 0 0 1 0 1 0 1 0 1 0 
0
2 1 0 0 0 0 0 0 0 0 0 0 0 0 0 
0
2 1 0 0 0 0 0 0 0 0 0 0 0 0 0 
0
2 0 0 0 0 0 0 1 0 1 0 1 1 0 0 
0
1 1 0 0 0 0 0 1 0 1 0 1 1 0 0 
0
2 1 0 0 0 0 0 0 0 0 0 0 0 1 0 
0
2 0 0 0 0 0 0 1 0 1 0 1 0 0 0 
0
1 1 0 0 0 0 0 0 0 0 0 0 1 0 0 
0
1 1 0 0 0 0 0 1 0 1 0 1 0 1 0 
0
2 1 0 0 0 0 0 0 0 0 0 0 1 0 0 
0
2 0 1 0 0 0 0 1 0 1 0 1 0 0 0 
0
2 0 0 0 0 0 0 1 0 1 0 1 1 0 0 
0
2 1 0 0 0 0 0 0 0 0 0 0 0 0 0 
0
1 0 1 0 0 0 0 1 0 1 0 1 0 0 0 
101
3 1 0 0 0 0 0 1 0 1 0 1 0 1 0 
0
2 1 0 0 0 0 0 1 0 1 0 1 1 0 0 
0
1 1 0 0 0 0 0 0 0 0 0 0 0 1 0 
0
2 1 0 0 0 0 0 0 0 0 0 0 1 0 0 
0
1 0 0 0 0 0 0 1 0 1 0 1 1 0 0 
0
1 1 0 0 0 0 0 0 0 0 0 0 0 1 0 
0
2 1 0 0 0 0 0 0 0 0 0 0 0 1 0 
0
2 0 0 0 0 0 0 1 0 1 0 1 0 1 0 
0
2 1 0 0 0 0 0 0 0 0 0 0 0 0 0 
0
1 0 0 0 0 0 0 1 0 1 0 1 0 0 0 
0
1 0 1 0 0 0 0 1 0 1 0 1 0 0 0 
0
1 1 0 0 0 0 0 1 0 1 0 1 1 0 0 
0
2 1 0 0 0 0 0 0 0 0 0 0 0 1 0 
0
2 1 0 0 0 0 0 1 0 1 0 1 0 1 0 
0
1 0 0 0 0 0 0 1 0 1 0 1 1 0 0 
101
2 1 0 0 0 0 0 0 0 0 0 0 0 0 1 
96
2 0 1 0 0 0 0 0 0 0 1 1 1 0 0 
0
1 1 0 0 0 0 0 0 0 0 0 0 1 0 0 
0
2 1 0 0 0 0 0 1 0 1 0 1 0 1 0 
0
2 0 1 0 0 0 0 1 0 1 0 1 0 1 0 
0
1 0 0 0 0 0 0 1 0 1 0 1 0 1 0 
0
1 1 0 0 0 0 0 1 0 1 0 1 1 0 0 
0
1 0 0 0 0 0 0 1 0 1 0 1 1 0 0 
0
1 0 0 0 0 0 0 1 0 1 0 1 1 0 0 
0
2 1 0 0 0 0 0 0 0 0 0 0 0 0 0 
0
2 1 0 0 0 0 0 0 0 0 0 0 1 0 0 
0
2 0 0 0 0 0 0 1 0 1 0 1 0 0 0 
0
1 1 0 0 0 0 0 1 0 1 0 1 0 0 0 
0
1 1 0 0 0 0 0 0 0 0 0 0 0 1 0 
0
2 1 0 0 0 0 0 0 0 0 0 0 0 1 0 
0
2 0 1 0 0 0 0 1 0 1 0 1 0 0 0 
0
1 0 1 0 0 0 0 1 0 1 0 1 0 0 0 
