0
3 0 0 0 0 0 0 0 0 0 0 0 0 0 1 
0
3 0 0 0 0 0 0 0 0 0 0 0 0 0 1 
0
3 0 0 0 0 0 0 0 0 0 0 0 0 0 1 
0
3 0 0 0 0 0 0 0 0 0 0 0 0 0 1 
0
3 0 0 0 0 0 0 0 0 0 0 0 0 0 1 
0
3 0 0 0 0 0 0 0 0 0 0 0 0 0 1 
0
3 0 0 0 0 0 0 0 0 0 0 0 0 0 1 
0
3 0 0 0 0 0 0 0 0 0 0 0 0 0 1 
0
3 0 0 0 0 0 0 0 0 0 0 0 0 0 1 
0
3 0 0 0 0 0 0 0 0 0 0 0 0 0 1 
0
3 0 0 0 0 0 0 0 0 0 0 0 0 0 1 
99
3 0 0 0 1 0 0 1 0 0 0 0 0 0 1 
0
3 0 0 0 0 0 0 0 0 0 0 0 0 0 1 
0
3 0 0 0 0 0 0 0 0 0 0 0 0 0 1 
0
3 0 0 0 0 0 0 0 0 0 0 0 0 0 1 
0
3 0 0 0 0 0 0 0 0 0 0 0 0 0 1 
0
3 0 0 0 0 0 0 0 0 0 0 0 0 0 1 
0
3 0 0 0 0 0 0 0 0 0 0 0 0 0 1 
0
3 0 0 0 0 0 0 0 0 0 0 0 0 0 1 
99
3 0 0 1 0 0 0 0 0 0 0 0 0 0 1 
0
3 0 0 0 0 0 0 0 0 0 0 0 0 0 1 
0
3 0 0 0 0 0 0 0 0 0 0 0 0 0 1 
101
1 0 0 0 0 0 0 1 0 1 0 1 0 0 0 
0
3 0 0 0 0 0 0 0 0 0 0 0 0 0 1 
0
3 0 0 0 0 0 0 0 0 0 0 0 0 0 1 
0
3 0 0 0 0 0 0 0 0 0 0 0 0 0 1 
0
3 0 0 0 0 0 0 0 0 0 0 0 0 0 1 
98
3 0 0 1 0 0 0 0 0 0 0 1 0 0 1 
0
3 0 0 0 0 0 0 0 0 0 0 0 0 0 1 
99
3 0 1 0 0 0 0 0 0 0 0 0 0 0 1 
0
3 0 0 0 0 0 0 0 0 0 0 0 0 0 1 
0
3 0 0 0 0 0 0 0 0 0 0 0 0 0 1 
93
3 0 0 0 0 0 0 0 1 0 1 1 0 0 1 
0
3 0 0 0 0 0 0 0 0 0 0 0 0 0 1 
0
3 0 0 0 0 0 0 0 0 0 0 0 0 0 1 
0
3 0 0 0 0 0 0 0 0 0 0 0 0 0 1 
0
3 0 0 0 0 0 0 0 0 0 0 0 0 0 1 
101
2 0 0 0 1 0 0 1 0 0 0 0 0 0 0 
0
3 0 0 0 0 0 0 0 0 0 0 0 0 0 1 
0
3 0 0 0 0 0 0 0 0 0 0 0 0 0 1 
0
3 0 0 0 0 0 0 0 0 0 0 0 0 0 1 
99
3 0 1 0 0 0 0 0 1 0 0 1 0 0 1 
99
3 0 1 0 0 0 0 0 0 0 0 1 0 0 1 
0
3 0 0 0 0 0 0 0 0 0 0 0 0 0 1 
0
3 0 0 0 0 0 0 0 0 0 0 0 0 0 1 
0
3 0 0 0 0 0 0 0 0 0 0 0 0 0 1 
0
3 0 0 0 0 0 0 0 0 0 0 0 0 0 1 
0
3 0 0 0 0 0 0 0 0 0 0 0 0 0 1 
0
3 0 0 0 0 0 0 0 0 0 0 0 0 0 1 
0
3 0 0 0 0 0 0 0 0 0 0 0 0 0 1 
99
3 0 0 0 0 0 0 1 0 0 0 0 0 0 1 
0
3 0 0 0 0 0 0 0 0 0 0 0 0 0 1 
0
3 0 0 0 0 0 0 0 0 0 0 0 0 0 1 
102
1 0 0 0 1 0 0 1 0 1 0 0 0 0 0 
0
3 0 0 0 0 0 0 0 0 0 0 0 0 0 1 
0
3 0 0 0 0 0 0 0 0 0 0 0 0 0 1 
0
3 0 0 0 0 0 0 0 0 0 0 0 0 0 1 
0
3 0 0 0 0 0 0 0 0 0 0 0 0 0 1 
0
3 0 0 0 0 0 0 0 0 0 0 0 0 0 1 
0
3 0 0 0 0 0 0 0 0 0 0 0 0 0 1 
0
3 0 0 0 0 0 0 0 0 0 0 0 0 0 1 
0
3 0 0 0 0 0 0 0 0 0 0 0 0 0 1 
0
3 0 0 0 0 0 0 0 0 0 0 0 0 0 1 
0
3 0 0 0 0 0 0 0 0 0 0 0 0 0 1 
0
3 0 0 0 0 0 0 0 0 0 0 0 0 0 1 
0
3 0 0 0 0 0 0 0 0 0 0 0 0 0 1 
0
3 0 0 0 0 0 0 0 0 0 0 0 0 0 1 
0
3 0 0 0 0 0 0 0 0 0 0 0 0 0 1 
99
3 0 1 0 0 0 0 1 0 0 1 1 0 0 1 
0
3 0 0 0 0 0 0 0 0 0 0 0 0 0 1 
0
3 0 0 0 0 0 0 0 0 0 0 0 0 0 1 
99
3 0 0 1 0 0 0 0 1 0 1 1 0 0 1 
0
3 0 0 0 0 0 0 0 0 0 0 0 0 0 1 
0
3 0 0 0 0 0 0 0 0 0 0 0 0 0 1 
0
3 0 0 0 0 0 0 0 0 0 0 0 0 0 1 
0
3 0 0 0 0 0 0 0 0 0 0 0 0 0 1 
101
2 0 0 0 1 0 0 0 1 0 1 1 0 0 0 
0
3 0 0 0 0 0 0 0 0 0 0 0 0 0 1 
0
3 0 0 0 0 0 0 0 0 0 0 0 0 0 1 
0
3 0 0 0 0 0 0 0 0 0 0 0 0 0 1 
99
3 0 0 0 0 0 0 1 0 0 0 0 0 0 1 
0
3 0 0 0 0 0 0 0 0 0 0 0 0 0 1 
101
1 0 0 0 0 0 1 0 0 0 0 1 1 0 0 
0
3 0 0 0 0 0 0 0 0 0 0 0 0 0 1 
0
3 0 0 0 0 0 0 0 0 0 0 0 0 0 1 
0
3 0 0 0 0 0 0 0 0 0 0 0 0 0 1 
0
3 0 0 0 0 0 0 0 0 0 0 0 0 0 1 
0
3 0 0 0 0 0 0 0 0 0 0 0 0 0 1 
98
3 1 0 0 0 0 0 1 0 1 0 0 0 0 1 
0
3 0 0 0 0 0 0 0 0 0 0 0 0 0 1 
0
3 0 0 0 0 0 0 0 0 0 0 0 0 0 1 
0
3 0 0 0 0 0 0 0 0 0 0 0 0 0 1 
99
3 1 0 0 0 0 0 0 0 1 0 1 0 1 1 
101
1 0 0 0 0 0 0 0 0 0 0 0 0 1 1 
0
3 0 0 0 0 0 0 0 0 0 0 0 0 0 1 
62
3 0 0 0 0 0 0 0 1 0 0 0 0 0 1 
99
3 0 0 0 0 0 0 1 0 1 0 0 0 0 1 
100
2 1 0 0 0 0 0 0 0 0 0 1 0 0 0 
0
3 0 0 0 0 0 0 0 0 0 0 0 0 0 1 
0
3 0 0 0 0 0 0 0 0 0 0 0 0 0 1 
