0
3 0 0 0 0 0 0 0 0 0 0 0 0 0 1 
0
3 0 0 0 0 0 0 0 0 0 0 0 0 0 1 
0
3 0 0 0 0 0 0 0 0 0 0 0 0 0 1 
0
3 0 0 0 0 0 0 0 0 0 0 0 0 0 1 
0
3 0 0 0 0 0 0 0 0 0 0 0 0 0 1 
0
3 0 0 0 0 0 0 0 0 0 0 0 0 0 1 
0
3 0 0 0 0 0 0 0 0 0 0 0 0 0 1 
0
3 0 0 0 0 0 0 0 0 0 0 0 0 0 1 
0
3 0 0 0 0 0 0 0 0 0 0 0 0 0 1 
0
3 0 0 0 0 0 0 0 0 0 0 0 0 0 1 
99
1 0 1 0 0 0 0 1 0 1 0 0 0 0 0 
0
3 0 0 0 0 0 0 0 0 0 0 0 0 0 1 
0
3 0 0 0 0 0 0 0 0 0 0 0 0 0 1 
0
3 0 0 0 0 0 0 0 0 0 0 0 0 0 1 
0
3 0 0 0 0 0 0 0 0 0 0 0 0 0 1 
0
3 0 0 0 0 0 0 0 0 0 0 0 0 0 1 
0
3 0 0 0 0 0 0 0 0 0 0 0 0 0 1 
0
3 0 0 0 0 0 0 0 0 0 0 0 0 0 1 
0
3 0 0 0 0 0 0 0 0 0 0 0 0 0 1 
0
3 0 0 0 0 0 0 0 0 0 0 0 0 0 1 
0
3 0 0 0 0 0 0 0 0 0 0 0 0 0 1 
0
3 0 0 0 0 0 0 0 0 0 0 0 0 0 1 
0
3 0 0 0 0 0 0 0 0 0 0 0 0 0 1 
0
3 0 0 0 0 0 0 0 0 0 0 0 0 0 1 
0
3 0 0 0 0 0 0 0 0 0 0 0 0 0 1 
0
3 0 0 0 0 0 0 1 1 0 0 0 0 0 1 
0
3 0 0 0 0 0 0 0 0 0 0 0 0 0 1 
0
3 0 0 0 0 0 0 0 0 0 0 0 0 0 1 
0
3 0 0 0 0 0 0 0 0 0 0 0 0 0 1 
0
3 0 0 0 0 0 0 0 0 0 0 0 0 0 1 
0
3 0 0 1 0 0 1 0 0 0 0 0 0 0 1 
0
3 0 0 0 0 0 0 0 0 0 0 0 0 0 1 
0
3 0 0 0 0 0 0 0 0 0 0 0 0 0 1 
0
3 0 0 0 0 0 0 0 0 0 0 0 0 0 1 
0
3 0 0 0 0 0 0 0 0 0 0 0 0 0 1 
0
3 0 0 0 0 0 0 0 0 0 0 0 0 0 1 
0
3 0 0 0 0 0 0 0 0 0 0 0 0 0 1 
0
3 0 0 0 0 0 0 0 0 0 0 0 0 0 1 
0
3 0 0 0 0 0 0 0 0 0 0 0 0 0 1 
0
3 0 0 0 0 0 0 0 0 0 0 0 0 0 1 
0
3 0 0 0 0 0 0 0 0 0 0 0 0 0 1 
0
3 0 0 0 0 0 0 0 0 0 0 0 0 0 1 
0
3 0 0 0 0 0 0 0 0 0 0 0 0 0 1 
0
3 0 0 0 0 0 0 0 0 0 0 0 0 0 1 
0
3 0 0 0 0 0 0 0 0 0 0 0 0 0 1 
0
3 0 0 0 0 0 0 0 0 0 0 0 0 0 1 
0
3 0 0 0 0 0 0 0 0 0 0 0 0 0 1 
0
3 0 0 0 0 0 0 0 0 0 0 0 0 0 1 
0
3 0 0 0 0 0 0 0 0 0 0 0 0 0 1 
0
3 0 0 0 0 0 0 0 0 0 0 0 0 0 1 
0
3 0 0 0 0 0 0 0 0 0 0 0 0 0 1 
0
3 0 0 0 0 0 0 0 0 0 0 0 0 0 1 
62
3 0 0 0 0 0 0 0 1 0 0 0 0 0 1 
0
3 0 0 0 0 0 0 0 0 0 0 0 0 0 1 
0
3 0 0 0 0 0 0 0 0 0 0 0 0 0 1 
0
3 0 0 0 0 0 0 0 0 0 0 0 0 0 1 
0
3 0 0 0 0 0 0 0 0 0 0 0 0 0 1 
0
3 0 0 0 0 0 0 0 0 0 0 0 0 0 1 
0
3 0 0 0 0 0 0 0 0 0 0 0 0 0 1 
0
3 0 0 0 0 0 0 0 0 0 0 0 0 0 1 
0
3 0 0 0 0 0 0 0 0 0 0 0 0 0 1 
0
3 0 0 0 0 0 0 0 0 0 0 0 0 0 1 
0
3 0 0 0 0 0 0 0 0 0 0 0 0 0 1 
0
3 0 0 0 0 0 0 0 0 0 0 0 0 0 1 
0
3 0 0 0 0 0 0 0 0 0 0 0 0 0 1 
0
3 0 0 0 0 0 0 0 0 0 0 0 0 0 1 
0
3 0 0 0 0 0 0 0 0 0 0 0 0 0 1 
0
3 0 0 0 0 0 0 0 0 0 0 0 0 0 1 
101
2 0 0 0 0 1 0 0 1 1 0 1 1 0 0 
0
3 0 0 0 0 0 0 0 0 0 0 0 0 0 1 
0
3 0 0 0 0 0 0 0 0 0 0 0 0 0 1 
0
3 0 0 0 0 0 0 0 0 0 0 0 0 0 1 
102
2 0 0 0 0 0 0 0 1 0 1 0 0 0 0 
0
3 0 0 0 0 0 0 0 0 0 0 0 0 0 1 
0
3 0 0 0 0 0 0 0 0 0 0 0 0 0 1 
0
3 0 0 0 0 0 0 0 0 0 0 0 0 0 1 
0
3 0 0 0 0 0 0 0 0 0 0 0 0 0 1 
0
3 0 0 0 0 0 0 0 0 0 0 0 0 0 1 
0
3 0 0 1 0 0 1 0 0 0 0 0 0 0 1 
0
3 0 0 0 0 0 0 0 0 0 0 0 0 0 1 
0
3 0 0 0 0 0 0 0 0 0 0 0 0 0 1 
0
3 0 0 0 0 0 0 0 0 0 0 0 0 0 1 
0
3 0 0 0 0 0 0 0 0 0 0 0 0 0 1 
0
3 0 0 0 0 0 0 0 0 0 0 0 0 0 1 
0
3 0 0 0 0 0 0 0 0 0 0 0 0 0 1 
0
3 0 0 0 0 0 0 0 0 0 0 0 0 0 1 
0
3 0 0 0 0 0 0 0 0 0 0 0 0 0 1 
0
3 0 0 0 0 0 0 0 0 0 0 0 0 0 1 
0
3 0 0 0 0 0 0 0 0 0 0 0 0 0 1 
0
3 0 0 0 0 0 0 0 0 0 0 0 0 0 1 
0
3 0 0 0 0 0 0 0 0 0 0 0 0 0 1 
0
3 0 0 0 0 0 0 0 0 0 0 0 0 0 1 
0
3 0 0 0 0 0 0 0 0 0 0 0 0 0 1 
0
3 0 0 0 0 0 0 0 0 0 0 0 0 0 1 
0
3 0 0 0 0 0 0 0 0 0 0 0 0 0 1 
0
3 0 0 0 0 0 0 0 0 0 0 0 0 0 1 
99
1 0 0 0 0 0 1 0 1 0 1 1 0 1 0 
0
3 0 0 0 0 0 0 0 0 0 0 0 0 0 1 
0
3 0 0 0 0 0 0 1 1 0 0 0 0 0 1 
0
3 0 0 1 0 0 1 0 0 0 0 0 0 0 1 
