101
2 0 0 0 0 1 0 1 0 0 1 1 0 0 0 
99
2 0 0 0 0 1 0 0 1 0 0 1 1 0 0 
101
2 0 0 1 0 0 0 0 1 1 0 0 0 1 0 
102
1 0 0 0 1 0 0 0 1 0 0 1 0 1 0 
101
1 0 0 0 0 0 1 0 1 0 0 0 0 0 1 
101
1 0 0 1 0 0 0 0 0 0 1 1 1 0 1 
101
2 0 0 1 0 0 0 0 0 0 1 0 0 1 1 
101
1 0 1 0 0 0 0 0 1 0 0 0 0 1 1 
101
2 0 0 0 0 1 0 0 0 0 0 1 1 0 1 
98
2 0 0 0 0 0 0 1 0 0 0 1 1 0 0 
99
1 0 0 0 0 0 1 0 0 1 0 1 1 0 0 
101
3 0 0 0 0 0 1 0 0 1 0 0 0 0 1 
98
2 0 0 0 0 0 0 0 0 0 1 1 1 0 0 
101
1 0 0 0 1 0 0 1 0 0 0 0 0 0 1 
101
3 1 0 0 0 0 0 0 1 1 0 0 0 1 0 
98
2 0 1 0 0 0 0 1 0 0 0 1 1 0 0 
99
1 0 0 0 1 0 0 1 0 0 1 1 1 0 0 
99
2 0 0 0 1 0 0 0 0 0 0 1 1 0 0 
105
2 1 0 0 0 0 0 0 1 1 0 0 0 1 0 
101
3 0 1 0 0 0 0 0 0 0 1 0 1 0 1 
98
2 0 1 0 0 0 0 0 1 0 1 1 1 0 0 
101
2 0 1 0 0 0 0 0 0 0 1 0 1 0 1 
101
1 0 0 1 0 0 0 0 1 0 0 0 0 1 1 
101
1 0 0 0 0 1 0 0 1 0 0 1 0 0 0 
101
2 0 0 0 0 1 0 0 1 1 0 0 0 0 0 
101
3 1 0 0 0 0 0 0 1 0 0 0 0 0 0 
99
2 0 0 0 0 0 0 0 1 1 0 0 1 0 0 
101
2 1 0 0 0 0 0 1 0 0 1 0 0 1 0 
101
2 0 0 0 0 0 0 1 0 1 0 0 0 0 1 
99
2 1 0 0 0 0 0 0 0 1 0 0 1 0 0 
101
1 0 0 0 0 1 0 0 1 0 0 0 0 1 1 
100
2 1 0 0 0 0 0 0 0 0 1 1 0 0 0 
101
2 0 0 1 0 0 0 0 1 1 0 1 0 1 1 
111
2 0 0 0 0 0 0 0 0 1 0 1 0 0 0 
100
1 0 0 0 0 0 1 0 0 0 0 0 0 1 0 
99
2 0 0 0 0 1 0 0 1 0 0 1 1 0 0 
100
2 0 0 0 0 1 0 1 0 0 0 1 0 1 0 
99
2 0 0 0 0 0 1 1 0 0 0 0 1 0 0 
98
2 1 0 0 0 0 0 0 0 0 1 1 1 0 0 
99
1 0 0 1 0 0 0 0 1 0 0 0 1 0 0 
101
1 0 0 1 0 0 0 0 0 0 0 1 0 1 0 
99
1 0 0 1 0 0 0 1 0 0 1 0 0 1 0 
101
2 1 0 0 0 0 0 0 0 0 1 1 0 1 1 
99
1 0 0 0 0 0 1 0 0 0 1 1 1 0 0 
101
3 1 0 0 0 0 0 0 0 1 0 1 0 1 0 
101
2 0 0 0 0 1 0 0 1 0 0 1 0 0 0 
100
2 0 0 0 0 1 0 0 0 0 0 1 0 1 0 
101
2 0 1 0 0 0 0 0 0 1 0 0 0 0 1 
97
2 0 0 0 1 0 0 0 0 1 0 1 1 0 0 
99
1 0 0 0 0 1 0 0 1 0 0 1 1 0 0 
99
1 0 0 0 0 1 0 0 0 1 0 0 1 0 0 
98
2 0 1 0 0 0 0 1 0 0 1 0 1 0 0 
101
3 0 0 0 0 0 1 0 0 0 0 1 0 1 1 
101
1 0 0 0 0 0 1 0 0 0 1 0 0 1 0 
101
1 0 1 0 0 0 0 1 0 1 0 0 1 0 1 
99
2 0 0 0 0 0 0 0 1 1 0 0 1 0 0 
98
2 1 0 0 0 0 0 0 1 0 1 1 1 0 0 
99
2 0 0 1 0 0 0 0 0 0 0 0 1 0 0 
101
2 1 0 0 0 0 0 1 0 1 0 0 0 1 1 
102
2 0 0 0 1 0 0 1 0 1 0 1 0 1 0 
99
1 0 0 0 0 0 1 1 0 1 0 0 1 0 0 
99
2 0 0 0 1 0 0 1 0 0 0 1 0 1 0 
100
2 0 0 0 0 0 1 0 0 0 1 1 0 1 0 
101
1 0 1 0 0 0 0 0 1 1 0 1 1 0 1 
98
2 0 1 0 0 0 0 0 1 1 0 1 1 0 0 
101
2 0 0 0 1 0 0 0 1 0 1 1 0 1 1 
94
2 1 0 0 0 0 0 1 0 1 0 0 1 0 0 
101
3 0 1 0 0 0 0 0 1 0 0 0 0 1 1 
101
2 0 1 0 0 0 0 0 0 0 1 0 0 1 1 
101
2 0 0 0 0 0 1 1 0 1 0 0 0 0 1 
101
3 0 0 0 0 0 1 1 0 0 0 0 0 0 1 
99
1 0 0 0 0 1 0 1 0 0 1 0 1 0 0 
101
1 0 1 0 0 0 0 0 1 0 0 1 1 0 1 
99
2 0 0 0 0 1 0 0 0 1 0 1 1 0 0 
101
3 0 1 0 0 0 0 0 1 0 0 0 0 0 0 
99
1 0 0 0 1 0 0 0 0 0 1 1 0 1 0 
99
2 0 0 0 1 0 0 1 0 0 0 1 1 0 0 
98
2 1 0 0 0 0 0 0 1 1 0 1 1 0 0 
98
1 0 1 0 0 0 0 1 0 0 1 0 1 0 0 
54
2 1 0 0 0 0 0 0 1 0 0 0 0 0 0 
101
3 0 0 0 0 0 1 0 0 0 0 1 1 0 0 
101
3 1 0 0 0 0 0 0 0 1 0 1 0 1 0 
101
3 0 0 0 0 1 0 1 0 0 1 0 1 0 1 
93
2 0 1 0 0 0 0 0 1 0 1 0 1 0 0 
102
2 0 0 0 0 1 0 0 0 0 0 0 0 0 0 
93
1 1 0 0 0 0 0 1 0 1 0 1 1 0 0 
101
2 0 1 0 0 0 0 1 0 0 0 0 0 0 0 
101
2 0 0 0 0 1 0 0 1 0 1 1 0 1 1 
111
1 0 0 0 0 0 0 0 0 1 0 0 0 1 0 
101
1 0 0 0 1 0 0 1 0 0 1 0 1 0 1 
100
2 0 0 0 0 0 1 0 1 0 1 1 0 0 0 
99
2 0 0 1 0 0 0 1 0 0 1 0 0 1 0 
102
2 0 0 0 1 0 0 0 1 0 0 0 0 0 0 
101
3 0 1 0 0 0 0 0 0 0 1 0 0 1 0 
99
2 0 0 0 1 0 0 1 0 0 1 1 0 1 0 
101
1 0 1 0 0 0 0 0 1 0 1 1 0 1 1 
93
2 1 0 0 0 0 0 1 0 1 0 1 1 0 0 
99
2 0 0 0 0 0 1 1 0 1 0 1 0 1 0 
99
2 0 0 1 0 0 0 0 0 0 1 0 1 0 0 
101
1 0 0 0 0 1 0 0 1 0 0 0 0 0 1 
