98
2 1 0 0 0 0 0 0 1 0 1 1 1 0 0 
0
2 0 1 0 0 0 0 0 0 0 0 0 1 0 0 
0
2 0 1 0 0 0 0 0 0 0 0 0 1 0 0 
0
1 1 0 0 0 0 0 0 0 0 0 0 1 0 0 
0
1 1 0 0 0 0 0 0 0 0 0 0 1 0 0 
0
2 1 0 0 0 0 0 0 0 0 0 0 1 0 0 
0
1 0 0 0 0 0 0 0 0 0 0 0 1 0 0 
98
1 1 0 0 0 0 0 0 1 0 1 1 1 0 0 
98
1 0 1 0 0 0 0 0 1 0 1 1 1 0 0 
98
1 1 0 0 0 0 0 0 1 0 1 1 1 0 0 
98
1 0 1 0 0 0 0 0 1 0 1 1 1 0 0 
0
2 0 1 0 0 0 0 0 0 0 0 0 1 0 0 
98
2 0 1 0 0 0 0 0 1 0 1 1 1 0 0 
0
2 1 0 0 0 0 0 0 0 0 0 0 1 0 0 
23
2 0 0 0 1 0 1 0 1 0 0 0 1 0 0 
23
2 0 0 0 0 0 0 0 1 0 0 0 1 0 0 
23
1 0 0 0 0 0 0 0 1 0 0 0 1 0 0 
0
1 0 1 0 0 0 0 0 0 0 0 0 1 0 0 
98
1 0 0 0 0 0 0 1 0 0 0 0 1 0 0 
0
1 0 0 0 0 0 0 0 0 0 0 0 1 0 0 
0
1 1 0 0 0 0 0 0 0 0 0 0 1 0 0 
23
2 0 0 0 0 0 0 0 1 0 0 0 1 0 0 
23
2 0 0 0 0 0 0 0 1 0 0 0 1 0 0 
98
1 1 0 0 0 0 0 0 0 0 1 1 1 0 0 
98
2 0 1 0 0 0 0 0 1 0 1 1 1 0 0 
98
2 0 0 0 0 0 0 0 1 0 1 1 1 0 0 
0
2 0 1 0 0 0 0 0 0 0 0 0 1 0 0 
0
1 0 1 0 0 0 0 0 0 0 0 0 1 0 0 
98
2 0 0 0 0 0 0 0 1 0 1 1 1 0 0 
98
2 0 0 0 0 0 0 0 1 0 1 1 1 0 0 
98
2 0 0 0 0 0 0 0 1 0 1 1 1 0 0 
0
1 0 0 0 0 0 0 0 0 0 0 0 1 0 0 
0
2 1 0 0 0 0 0 0 0 0 0 0 1 0 0 
0
2 1 0 0 0 0 0 0 0 0 0 0 1 0 0 
0
2 1 0 0 0 0 0 0 0 0 0 0 1 0 0 
0
1 0 1 0 0 0 0 0 0 0 0 0 1 0 0 
0
2 0 1 0 0 0 0 0 0 0 0 0 1 0 0 
0
2 0 1 0 0 0 0 0 0 0 0 0 1 0 0 
98
1 0 0 0 0 0 0 0 1 0 1 1 1 0 0 
0
1 1 0 0 0 0 0 0 0 0 0 0 1 0 0 
0
1 0 0 0 0 0 0 0 0 0 0 0 1 0 0 
0
2 0 0 0 0 0 0 0 0 0 0 0 1 0 0 
98
1 0 0 0 0 0 0 1 0 0 0 0 1 0 0 
0
2 0 1 0 0 0 0 0 0 0 0 0 1 0 0 
0
2 0 1 0 0 0 0 0 0 0 0 0 1 0 0 
98
2 1 0 0 0 0 0 0 1 0 1 1 1 0 0 
98
1 0 0 0 0 0 0 0 1 0 1 1 1 0 0 
23
2 1 0 0 0 0 0 0 1 0 0 0 1 0 0 
0
1 0 0 0 0 0 0 0 0 0 0 0 1 0 0 
0
2 0 1 0 0 0 0 0 0 0 0 0 1 0 0 
98
1 1 0 0 0 0 0 1 0 0 0 0 1 0 0 
0
2 0 0 0 0 0 0 0 0 0 0 0 1 0 0 
98
2 1 0 0 0 0 0 0 1 0 1 1 1 0 0 
98
1 0 0 0 0 0 0 0 1 0 1 1 1 0 0 
98
1 0 0 0 0 0 0 0 1 0 1 1 1 0 0 
0
1 0 0 0 0 0 0 0 0 0 0 0 1 0 0 
98
1 0 0 0 0 0 0 0 1 0 1 1 1 0 0 
98
1 0 0 0 0 0 0 0 1 0 1 1 1 0 0 
0
1 0 0 0 0 0 0 0 0 0 0 0 1 0 0 
98
2 1 0 0 0 0 0 0 1 0 1 1 1 0 0 
0
2 0 1 0 0 0 0 0 0 0 0 0 1 0 0 
0
1 0 0 0 0 0 0 0 0 0 0 0 1 0 0 
0
1 0 0 0 0 0 0 0 0 0 0 0 1 0 0 
0
1 0 0 0 0 0 0 0 0 0 0 0 1 0 0 
0
2 0 1 0 0 0 0 0 0 0 0 0 1 0 0 
0
2 1 0 0 0 0 0 0 0 0 0 0 1 0 0 
0
2 1 0 0 0 0 0 0 0 0 0 0 1 0 0 
0
2 1 0 0 0 0 0 0 0 0 0 0 1 0 0 
0
2 1 0 0 0 0 0 0 0 0 0 0 1 0 0 
0
2 1 0 0 0 0 0 0 0 0 0 0 1 0 0 
0
1 1 0 0 0 0 0 0 0 0 0 0 1 0 0 
98
2 0 0 0 0 0 0 1 0 0 0 0 1 0 0 
94
1 0 1 0 0 0 0 1 0 1 0 0 1 0 0 
98
2 1 0 0 0 0 0 0 1 0 1 1 1 0 0 
93
1 1 0 0 0 0 0 0 1 0 1 0 1 0 0 
0
2 1 0 0 0 0 0 0 0 0 0 0 1 0 0 
0
2 1 0 0 0 0 0 0 0 0 0 0 1 0 0 
98
2 0 1 0 0 0 0 0 1 0 1 1 1 0 0 
98
1 0 1 0 0 0 0 0 1 0 1 1 1 0 0 
98
1 1 0 0 0 0 0 1 0 0 0 0 1 0 0 
0
2 0 1 0 0 0 0 0 0 0 0 0 1 0 0 
0
1 1 0 0 0 0 0 0 0 1 1 0 1 0 0 
98
1 1 0 0 0 0 0 1 0 0 0 0 1 0 0 
0
2 0 1 0 0 0 0 0 0 0 0 0 1 0 0 
0
1 1 0 0 0 0 0 0 0 0 0 0 1 0 0 
23
1 0 0 0 0 0 0 0 1 0 0 0 1 0 0 
0
2 0 1 0 0 0 0 0 0 0 0 0 1 0 0 
0
2 0 1 0 0 0 0 0 0 0 0 0 1 0 0 
0
1 0 0 0 0 0 0 0 0 0 0 0 1 0 0 
0
2 0 1 0 0 0 0 0 0 0 0 0 1 0 0 
98
1 0 1 0 0 0 0 0 1 0 1 1 1 0 0 
0
1 1 0 0 0 0 0 0 0 0 0 0 1 0 0 
0
2 1 0 0 0 0 0 0 0 0 0 0 1 0 0 
98
2 0 0 0 0 0 0 0 1 0 1 1 1 0 0 
0
1 0 1 0 0 0 0 0 0 0 0 0 1 0 0 
98
1 0 1 0 0 0 0 0 1 0 1 1 1 0 0 
0
1 0 0 0 0 0 0 0 0 0 0 0 1 0 0 
98
1 0 1 0 0 0 0 0 1 0 1 1 1 0 0 
23
1 0 0 0 0 0 0 0 1 0 0 0 1 0 0 
0
2 0 0 0 0 0 0 0 0 0 0 0 1 0 0 
