0
1 0 0 1 0 0 0 0 0 0 0 0 0 1 0 
0
1 0 0 1 0 0 0 0 0 0 0 0 1 0 0 
0
1 0 0 1 0 0 0 0 0 0 0 0 0 0 0 
0
2 0 0 1 0 0 0 0 0 0 0 0 1 0 0 
0
2 0 0 1 0 0 0 0 0 0 0 0 0 0 0 
0
1 0 0 1 0 0 0 0 0 0 0 0 0 0 0 
0
2 0 0 1 0 0 0 0 0 0 0 0 0 1 0 
0
1 0 0 1 0 0 0 0 0 0 0 0 0 0 0 
0
2 0 0 1 0 0 0 0 0 0 0 0 1 0 0 
0
2 0 0 1 0 0 0 0 0 0 0 0 0 1 0 
0
1 0 0 1 0 0 0 0 0 0 0 0 0 0 0 
0
2 0 0 1 0 0 0 0 0 0 0 0 0 1 0 
0
2 0 0 1 0 0 0 0 0 0 0 0 0 1 0 
0
1 0 0 1 0 0 0 0 0 0 0 0 0 1 0 
0
2 0 0 1 0 0 0 0 0 0 0 0 0 1 0 
0
1 0 0 1 0 0 0 0 0 0 0 0 0 0 0 
0
2 0 0 1 0 0 0 0 0 0 0 0 0 1 0 
0
2 0 0 1 0 0 0 0 0 0 0 0 1 0 0 
99
1 0 0 1 0 0 0 1 0 0 0 0 0 1 0 
0
2 0 0 1 0 0 0 0 0 0 0 0 0 0 0 
0
1 0 0 1 0 0 0 0 0 0 0 0 0 1 0 
0
1 0 0 1 0 0 0 0 0 0 0 0 0 0 0 
0
2 0 0 1 0 0 0 0 0 0 0 0 0 0 0 
0
2 0 0 1 0 0 0 0 0 0 0 0 1 0 0 
80
1 0 0 1 0 0 0 0 1 0 0 0 0 1 0 
0
2 0 0 1 0 0 0 0 0 0 0 0 1 0 0 
0
1 0 0 1 0 0 0 0 0 0 0 0 1 0 0 
0
1 0 0 1 0 0 0 0 0 0 0 0 1 0 0 
0
2 0 0 1 0 0 0 0 0 0 0 0 0 1 0 
0
2 0 0 1 0 0 0 0 0 0 0 0 0 1 0 
0
2 0 0 1 0 0 0 0 0 0 0 0 0 0 0 
0
2 0 0 1 0 0 0 0 0 0 0 0 0 0 0 
0
2 0 0 1 0 0 0 0 0 0 0 0 0 0 0 
0
1 0 0 1 0 0 0 0 0 0 0 0 0 0 0 
0
1 0 0 1 0 0 0 0 0 0 0 0 1 0 0 
0
2 0 0 1 0 0 0 0 0 0 0 0 0 1 0 
0
1 0 0 1 0 0 0 0 0 0 0 0 0 0 0 
0
1 0 0 1 0 0 0 0 0 0 0 0 1 0 0 
0
2 0 0 1 0 0 0 0 0 0 0 0 0 0 0 
0
1 0 0 1 0 0 0 0 0 0 0 0 1 0 0 
0
2 0 0 1 0 0 0 0 0 0 0 0 0 0 0 
0
1 0 0 1 0 0 0 0 0 0 0 0 0 0 0 
0
2 0 0 1 0 0 0 0 0 0 0 0 0 0 0 
0
2 0 0 1 0 0 0 0 0 0 0 0 1 0 0 
0
1 0 0 1 0 0 0 0 0 0 0 0 0 0 0 
0
2 0 0 1 0 0 0 0 0 0 0 0 1 0 0 
0
2 0 0 1 0 0 0 0 0 0 0 0 0 1 0 
0
2 0 0 1 0 0 0 0 0 0 0 0 0 0 0 
0
1 0 0 1 0 0 0 0 0 0 0 0 0 1 0 
0
2 0 0 1 0 0 0 0 0 0 0 0 0 1 0 
0
1 0 0 1 0 0 0 0 0 0 0 0 0 1 0 
0
2 0 0 1 0 0 0 0 0 0 0 0 0 0 0 
0
2 0 0 1 0 0 0 0 0 0 0 0 0 0 0 
0
1 0 0 1 0 0 0 0 0 0 0 0 0 1 0 
0
2 0 0 1 0 0 0 0 0 0 0 0 1 0 0 
0
2 0 0 1 0 0 0 0 0 0 0 0 0 1 0 
0
2 0 0 1 0 0 0 0 0 0 0 0 0 0 0 
0
1 0 0 1 0 0 0 0 0 0 0 0 0 0 0 
0
2 0 0 1 0 0 0 0 0 0 0 0 0 0 0 
0
1 0 0 1 0 0 0 0 0 0 0 0 0 0 0 
0
1 0 0 1 0 0 0 0 0 0 0 0 0 0 0 
0
1 0 0 1 0 0 0 0 0 0 0 0 0 0 0 
0
1 0 0 1 0 0 0 0 0 0 0 0 1 0 0 
0
2 0 0 1 0 0 0 0 0 0 0 0 0 0 0 
0
1 0 0 1 0 0 0 0 0 0 0 0 0 1 0 
0
1 0 0 1 0 0 0 0 0 0 0 0 0 0 0 
0
1 0 0 1 0 0 0 0 0 0 0 0 0 1 0 
0
1 0 0 1 0 0 0 0 0 0 0 0 0 1 0 
0
1 0 0 1 0 0 0 0 0 0 0 0 1 0 0 
0
1 0 0 1 0 0 0 0 0 0 0 0 1 0 0 
0
1 0 0 1 0 0 0 0 0 0 0 0 0 0 0 
99
1 0 0 0 0 0 0 1 0 0 0 0 1 0 0 
0
1 0 0 1 0 0 0 0 0 0 0 0 1 0 0 
0
2 0 0 1 0 0 0 0 0 0 0 0 0 1 0 
0
1 0 0 1 0 0 0 0 0 0 0 0 0 1 0 
0
1 0 0 1 0 0 0 0 0 0 0 0 0 1 0 
95
1 0 0 1 0 0 0 0 1 0 1 1 1 0 0 
0
1 0 0 1 0 0 0 0 0 0 0 0 0 0 0 
0
1 0 0 1 0 0 0 0 0 0 0 0 0 0 0 
0
2 0 0 1 0 0 0 0 0 0 0 0 1 0 0 
0
2 0 0 1 0 0 0 0 0 0 0 0 0 1 0 
95
2 0 0 1 0 0 0 0 1 0 1 1 0 0 0 
0
1 0 0 1 0 0 0 0 0 0 0 0 1 0 0 
0
1 0 0 1 0 0 0 0 0 0 0 0 0 0 0 
0
2 0 0 1 0 0 0 0 0 0 0 0 1 0 0 
0
1 0 0 1 0 0 0 0 0 0 0 0 1 0 0 
0
1 0 0 1 0 0 0 0 0 0 0 0 0 0 0 
0
2 0 0 1 0 0 0 0 0 0 0 0 1 0 0 
0
1 0 0 1 0 0 0 0 0 0 0 0 1 0 0 
0
1 0 0 1 0 0 0 0 0 0 0 0 0 0 0 
0
1 0 0 1 0 0 0 0 0 0 0 0 1 0 0 
99
2 0 0 0 1 0 0 0 0 1 0 0 0 1 0 
0
2 0 0 1 0 0 0 0 0 0 0 0 1 0 0 
0
1 0 0 1 0 0 0 0 0 0 0 0 1 0 0 
0
2 0 0 1 0 0 0 0 0 0 0 0 0 1 0 
0
2 0 0 1 0 0 0 0 0 0 0 0 0 0 0 
0
1 0 0 1 0 0 0 0 0 0 0 0 1 0 0 
0
2 0 0 1 0 0 0 0 0 0 0 0 0 1 0 
0
2 0 0 1 0 0 0 0 0 0 0 0 0 0 0 
0
1 0 0 1 0 0 0 0 0 0 0 0 0 1 0 
