0
1 0 0 1 0 0 0 0 0 0 0 0 0 0 0 
99
3 0 0 0 0 0 0 0 0 0 1 1 0 0 0 
0
2 0 0 1 0 0 0 0 0 0 0 0 0 1 0 
105
1 0 0 0 0 0 0 0 0 1 0 1 0 1 0 
0
1 0 0 1 0 0 0 0 0 0 0 0 1 0 0 
98
2 0 0 0 1 0 0 1 0 1 0 0 0 1 0 
95
1 0 0 1 0 0 0 0 1 0 1 1 1 0 0 
99
1 0 0 0 0 0 0 1 0 0 0 1 0 0 0 
0
2 0 0 1 0 0 0 0 0 0 0 0 1 0 0 
99
2 0 0 0 1 0 0 0 1 0 1 0 0 1 0 
99
2 0 1 0 0 0 0 1 0 1 0 1 1 0 0 
95
2 0 0 0 1 0 0 0 0 0 0 0 0 1 0 
0
2 0 0 1 0 0 0 0 0 0 0 0 0 1 0 
0
2 0 0 1 0 0 0 0 0 0 0 0 0 0 0 
0
2 0 0 1 0 0 0 0 0 0 0 0 0 1 0 
0
1 0 0 1 0 0 0 0 0 0 0 0 0 1 0 
99
2 0 0 1 0 0 0 1 0 1 0 0 0 0 0 
0
1 0 0 1 0 0 0 0 0 0 0 0 0 0 0 
0
2 0 0 1 0 0 0 0 0 0 0 0 0 0 0 
98
2 0 0 0 1 0 0 0 1 0 1 1 0 1 0 
0
2 0 0 1 0 0 0 0 0 0 0 0 0 0 0 
99
2 0 0 0 0 0 0 1 0 0 0 1 0 0 0 
0
1 0 0 1 0 0 0 0 0 0 0 0 1 0 0 
0
1 0 0 1 0 0 0 0 0 0 0 0 1 0 0 
0
2 0 0 1 0 0 0 0 0 0 0 0 0 1 0 
99
2 0 1 0 0 0 0 1 0 1 0 0 0 0 0 
99
2 0 0 1 0 0 0 1 0 1 0 0 1 0 0 
0
2 0 0 1 0 0 0 0 0 0 0 0 0 1 0 
99
2 0 0 0 0 0 0 1 0 1 0 0 0 0 0 
0
2 0 0 1 0 0 0 0 0 0 0 0 1 0 0 
0
1 0 0 1 0 0 0 0 0 0 0 0 1 0 0 
0
1 0 0 1 0 0 0 0 0 0 0 0 0 0 0 
99
2 0 0 0 1 0 0 1 0 0 1 1 0 0 0 
0
1 0 0 1 0 0 0 0 0 0 0 0 1 0 0 
95
2 0 0 1 0 0 0 0 1 0 1 1 1 0 0 
99
3 1 0 0 0 0 0 1 0 0 1 0 0 0 0 
0
1 0 0 1 0 0 0 0 0 0 0 0 1 0 0 
95
1 0 0 1 0 0 0 0 1 0 1 1 0 0 0 
101
1 0 0 0 0 0 0 0 0 0 0 1 0 0 0 
0
2 0 0 1 0 0 0 0 0 0 0 0 0 0 0 
0
1 0 0 1 0 0 0 0 0 0 0 0 1 0 0 
99
1 0 1 0 0 0 0 1 0 1 0 0 1 0 0 
0
1 0 0 1 0 0 0 0 0 0 0 0 0 1 0 
99
1 0 0 0 1 0 0 0 0 0 1 0 1 0 0 
0
2 0 0 1 0 0 0 0 0 0 0 0 0 0 0 
0
2 0 0 1 0 0 0 0 0 0 0 0 0 0 0 
99
1 0 0 0 1 0 0 1 0 0 0 0 1 0 0 
0
2 0 0 1 0 0 0 0 0 0 0 0 0 0 0 
99
2 0 0 1 0 0 0 1 0 0 0 1 0 0 0 
0
1 0 0 1 0 0 0 0 0 0 0 0 0 1 0 
99
1 0 1 0 0 0 0 0 1 0 1 1 0 1 0 
99
1 0 0 0 0 0 0 1 0 0 0 0 1 0 0 
98
1 0 0 0 1 0 0 1 0 1 0 0 0 0 0 
0
2 0 0 1 0 0 0 0 0 0 0 0 1 0 0 
0
2 0 0 1 0 0 0 0 0 0 0 0 0 0 0 
98
1 0 0 0 1 0 0 0 0 0 0 1 0 1 0 
99
1 0 0 0 0 0 0 1 0 0 0 0 0 1 0 
0
2 0 0 1 0 0 0 0 0 0 0 0 0 1 0 
0
1 0 0 1 0 0 0 0 0 0 0 0 1 0 0 
0
1 0 0 1 0 0 0 0 0 0 0 0 1 0 0 
0
1 0 0 1 0 0 0 0 0 0 0 0 1 0 0 
0
1 0 0 1 0 0 0 0 0 0 0 0 0 0 0 
0
1 0 0 1 0 0 0 0 0 0 0 0 0 0 0 
0
2 0 0 1 0 0 0 0 0 0 0 0 0 1 0 
99
2 0 1 0 0 0 0 0 0 0 0 0 0 1 0 
0
1 0 0 1 0 0 0 0 0 0 0 0 1 0 0 
99
1 0 0 0 0 0 0 1 0 0 0 1 0 0 0 
95
2 0 0 1 0 0 0 0 1 0 1 1 0 0 0 
95
2 0 0 0 1 0 0 0 0 0 0 0 0 1 0 
99
2 0 1 0 0 0 0 1 0 1 0 0 1 0 0 
99
2 0 0 0 1 0 0 0 1 0 1 0 1 0 0 
95
2 0 0 1 0 0 0 0 1 0 1 1 0 1 0 
95
2 0 0 1 0 0 0 0 1 0 1 1 0 1 0 
99
1 0 0 0 0 0 0 1 0 0 1 0 0 1 0 
99
1 0 0 1 0 0 0 1 0 1 0 1 1 0 0 
0
1 0 0 1 0 0 0 0 0 0 0 0 0 0 0 
99
2 0 1 0 0 0 0 0 0 0 0 1 0 0 0 
0
2 0 0 1 0 0 0 0 0 0 0 0 0 0 0 
0
1 0 0 1 0 0 0 0 0 0 0 0 0 1 0 
0
1 0 0 1 0 0 0 0 0 0 0 0 0 1 0 
99
1 0 0 1 0 0 0 1 0 0 0 0 0 1 0 
0
2 0 0 1 0 0 0 0 0 0 0 0 0 1 0 
99
1 0 0 0 1 0 0 0 0 0 1 0 0 1 0 
98
1 0 0 1 0 0 0 0 1 0 1 0 1 0 0 
0
2 0 0 1 0 0 0 0 0 0 0 0 0 1 0 
0
1 0 0 1 0 0 0 0 0 0 0 0 0 0 0 
99
1 0 0 0 0 0 0 1 0 0 0 1 1 0 0 
99
1 0 0 1 0 0 0 0 0 0 0 1 1 0 0 
0
2 0 0 1 0 0 0 0 0 0 0 0 1 0 0 
99
3 0 1 0 0 0 0 1 0 1 0 1 1 0 1 
99
2 0 0 1 0 0 0 1 0 0 0 1 0 0 0 
99
2 0 0 0 1 0 0 1 0 1 0 1 0 0 0 
0
2 0 0 1 0 0 0 0 0 0 0 0 0 0 0 
0
2 0 0 1 0 0 0 0 0 0 0 0 1 0 0 
0
2 0 0 1 0 0 0 0 0 0 0 0 1 0 0 
0
1 0 0 1 0 0 0 0 0 0 0 0 0 0 0 
0
1 0 0 1 0 0 0 0 0 0 0 0 0 0 0 
80
1 0 0 1 0 0 0 0 1 0 0 1 0 0 0 
99
2 0 0 0 0 0 0 1 0 0 0 1 1 0 0 
95
1 0 0 1 0 0 0 0 1 0 1 1 0 0 0 
