102
1 0 1 0 0 0 0 0 1 0 0 1 0 0 0 
99
3 0 0 0 0 0 1 0 1 0 1 0 0 0 0 
99
1 0 1 0 0 0 0 0 0 1 0 1 0 1 1 
99
3 1 0 0 0 0 0 1 0 0 0 0 0 1 1 
99
3 0 0 0 0 1 0 0 1 0 0 1 0 1 0 
99
3 0 1 0 0 0 0 0 0 1 0 1 0 0 0 
99
1 0 1 0 0 0 0 1 0 1 0 1 0 0 1 
99
2 1 0 0 0 0 0 1 0 1 0 1 0 0 1 
99
1 0 0 0 0 0 1 1 0 0 1 1 1 0 1 
99
1 1 0 0 0 0 0 1 0 0 1 1 0 0 1 
99
3 0 0 1 0 0 0 1 0 1 0 1 1 0 1 
99
3 0 0 1 0 0 0 0 0 0 0 1 1 0 1 
99
2 0 0 0 1 0 0 0 0 1 0 1 0 0 0 
99
3 0 1 0 0 0 0 0 0 1 0 0 0 0 0 
99
2 1 0 0 0 0 0 1 0 0 1 1 0 0 0 
99
2 0 0 0 0 1 0 1 0 0 0 0 0 1 1 
99
3 0 0 0 0 1 0 1 0 0 0 0 1 0 0 
99
2 1 0 0 0 0 0 0 0 0 1 1 1 0 0 
99
2 1 0 0 0 0 0 1 0 0 1 0 0 1 0 
99
2 1 0 0 0 0 0 1 0 0 1 0 0 1 0 
98
2 0 0 1 0 0 0 0 1 0 1 0 1 0 0 
99
2 0 0 0 0 0 0 1 0 0 0 1 0 1 0 
98
1 0 0 1 0 0 0 0 1 0 1 0 0 0 0 
99
1 0 1 0 0 0 0 1 0 1 0 1 1 0 0 
99
2 0 0 1 0 0 0 1 0 0 0 0 1 0 0 
99
3 0 0 0 1 0 0 0 0 1 0 0 0 0 0 
99
2 0 0 0 0 1 0 1 0 1 0 1 0 1 1 
98
1 0 0 1 0 0 0 0 1 0 1 0 1 0 0 
99
3 1 0 0 0 0 0 1 0 0 0 1 0 0 1 
99
3 0 0 0 1 0 0 0 1 0 0 0 0 0 1 
95
1 0 0 0 1 0 0 0 0 0 0 0 1 0 0 
98
2 0 0 1 0 0 0 0 1 0 1 0 1 0 0 
99
2 0 0 0 0 0 1 0 0 0 1 0 0 0 1 
99
2 0 0 1 0 0 0 1 0 0 1 0 0 0 0 
0
1 0 0 1 0 0 0 0 0 0 0 0 0 1 0 
99
2 0 0 0 0 0 0 1 0 0 1 1 1 0 0 
99
1 0 0 0 0 0 0 0 1 1 0 0 0 0 1 
99
1 0 0 1 0 0 0 0 0 0 0 1 0 0 0 
96
1 0 0 1 0 0 0 0 1 1 0 0 1 0 0 
99
3 0 0 0 0 1 0 0 1 0 1 0 1 0 0 
99
3 0 1 0 0 0 0 0 0 0 1 1 0 1 0 
95
2 0 0 1 0 0 0 0 1 0 1 1 1 0 0 
99
2 0 0 1 0 0 0 0 0 0 1 0 0 1 0 
99
3 1 0 0 0 0 0 1 0 0 1 0 0 1 1 
99
2 0 0 0 1 0 0 0 1 0 0 1 0 0 0 
99
1 0 0 0 1 0 0 1 0 0 1 0 0 1 0 
99
2 0 0 0 0 0 1 0 0 0 0 1 1 0 1 
95
2 0 0 0 1 0 0 0 0 0 0 0 1 0 0 
99
1 0 0 0 1 0 0 0 1 0 0 1 0 1 0 
99
3 0 0 1 0 0 0 1 0 1 0 0 1 0 1 
99
2 0 0 0 1 0 0 1 0 1 0 1 0 1 0 
99
2 0 0 1 0 0 0 1 0 1 0 1 1 0 0 
99
1 0 0 0 0 1 0 1 0 0 0 1 0 0 1 
99
1 0 0 0 1 0 0 0 1 1 0 1 0 1 1 
99
1 0 0 0 0 0 0 1 0 1 0 0 0 1 0 
99
3 0 1 0 0 0 0 0 0 0 1 1 0 1 0 
99
2 0 0 0 1 0 0 0 0 0 1 1 0 0 1 
99
2 0 1 0 0 0 0 1 0 0 1 1 0 1 0 
99
3 0 0 1 0 0 0 0 0 1 0 0 0 1 0 
80
2 0 0 1 0 0 0 0 1 0 0 0 0 0 0 
99
2 0 0 0 1 0 0 1 0 1 0 1 0 1 0 
99
2 0 1 0 0 0 0 0 0 0 1 0 0 0 0 
99
2 1 0 0 0 0 0 1 0 0 1 1 0 1 1 
99
3 0 0 0 0 0 0 1 0 1 0 0 1 0 1 
99
1 0 0 1 0 0 0 0 0 0 0 1 1 0 0 
99
3 0 0 0 0 1 0 1 0 0 1 1 1 0 0 
99
1 0 1 0 0 0 0 1 0 0 1 1 1 0 0 
99
1 0 0 0 1 0 0 1 0 1 0 1 1 0 0 
99
3 0 0 0 1 0 0 0 1 0 1 1 1 0 0 
99
3 0 0 0 0 0 1 1 0 0 1 0 0 1 1 
99
1 0 0 0 1 0 0 0 0 1 0 0 0 1 0 
99
2 0 0 0 1 0 0 0 1 0 0 1 1 0 1 
101
2 0 0 0 0 0 0 0 0 0 0 1 1 0 0 
99
1 0 0 1 0 0 0 0 0 0 1 0 1 0 0 
96
2 0 0 1 0 0 0 0 0 1 0 0 0 1 0 
99
2 0 0 0 0 1 0 0 0 1 0 1 0 0 1 
99
1 0 0 0 0 1 0 1 0 1 0 1 0 1 1 
99
2 1 0 0 0 0 0 0 1 1 0 1 0 1 1 
99
2 0 1 0 0 0 0 1 0 1 0 1 0 0 0 
99
3 0 0 0 0 0 0 1 0 0 0 1 0 1 0 
99
1 0 0 0 1 0 0 1 0 1 0 1 1 0 0 
99
2 0 0 1 0 0 0 0 0 0 1 0 0 0 0 
98
2 0 0 0 1 0 0 0 1 0 1 1 0 1 0 
99
3 1 0 0 0 0 0 1 0 0 1 0 1 0 1 
99
3 0 0 1 0 0 0 1 0 0 1 0 1 0 0 
99
1 0 0 1 0 0 0 1 0 0 0 0 1 0 0 
99
3 0 1 0 0 0 0 0 1 0 0 0 1 0 1 
99
1 0 1 0 0 0 0 1 0 1 0 0 0 1 0 
99
2 0 0 0 0 0 0 1 0 0 0 1 1 0 0 
99
3 1 0 0 0 0 0 0 0 0 1 0 1 0 1 
99
3 1 0 0 0 0 0 0 1 0 0 0 0 0 0 
99
1 0 1 0 0 0 0 1 0 0 0 0 1 0 0 
99
2 0 0 0 1 0 0 1 0 0 1 0 1 0 0 
96
2 0 0 1 0 0 0 0 0 1 0 0 0 1 0 
99
1 1 0 0 0 0 0 1 0 1 0 1 1 0 0 
99
3 0 1 0 0 0 0 0 0 0 0 1 0 1 1 
98
2 1 0 0 0 0 0 1 0 1 0 0 0 1 0 
98
1 0 1 0 0 0 0 0 0 0 1 1 0 0 0 
99
1 0 0 0 1 0 0 1 0 0 1 1 0 0 0 
99
1 1 0 0 0 0 0 1 0 0 0 0 0 1 0 
