0
3 0 0 0 0 0 0 0 0 0 0 0 0 0 1 
0
3 0 0 0 0 0 0 0 0 0 0 0 0 0 1 
97
2 0 0 0 0 0 0 0 1 0 0 0 0 0 0 
0
3 0 0 0 0 0 0 0 0 0 0 0 0 0 1 
0
3 0 0 0 0 0 0 0 0 0 0 0 0 0 1 
0
3 0 0 0 0 0 0 0 0 0 0 0 0 0 1 
0
3 0 0 0 0 0 0 0 0 0 0 0 0 0 1 
0
3 0 0 0 0 0 0 0 0 0 0 0 0 0 1 
0
3 0 0 0 0 0 0 0 0 0 0 0 0 0 1 
0
3 0 0 0 0 0 0 0 0 0 0 0 0 0 1 
0
3 0 0 0 0 0 0 0 0 0 0 0 0 0 1 
0
3 0 0 0 0 0 0 0 0 0 0 0 0 0 1 
0
3 0 0 0 0 0 0 0 0 0 0 0 0 0 1 
0
3 0 0 0 0 0 0 0 0 0 0 0 0 0 1 
0
3 0 0 0 0 0 0 0 0 0 0 0 0 0 1 
0
3 0 0 0 0 0 0 0 0 0 0 0 0 0 1 
0
3 0 0 0 0 0 0 0 0 0 0 0 0 0 1 
0
3 0 0 0 0 0 0 0 0 0 0 0 0 0 1 
0
3 0 0 0 0 0 0 0 0 0 0 0 0 0 1 
0
3 0 0 0 0 0 0 0 0 0 0 0 0 0 1 
0
3 0 0 0 0 0 0 0 0 0 0 0 0 0 1 
0
3 0 0 0 0 0 0 0 0 0 0 0 0 0 1 
0
3 0 0 0 0 0 0 0 0 0 0 0 0 0 1 
0
3 0 0 0 0 0 0 0 0 0 0 0 0 0 1 
0
3 0 0 0 0 0 0 0 0 0 0 0 0 0 1 
0
3 0 0 0 0 0 0 0 0 0 0 0 0 0 1 
101
3 0 0 0 0 0 0 0 0 0 0 1 0 0 0 
0
3 0 0 0 0 0 0 0 0 0 0 0 0 0 1 
0
3 0 0 0 0 0 0 0 0 0 0 0 0 0 1 
0
3 0 0 0 0 0 0 0 0 0 0 0 0 0 1 
0
3 0 0 0 0 0 0 0 0 0 0 0 0 0 1 
0
3 0 0 0 0 0 0 0 0 0 0 0 0 0 1 
0
3 0 0 0 0 0 0 0 0 0 0 0 0 0 1 
0
3 0 0 0 0 0 0 0 0 0 0 0 0 0 1 
0
3 0 0 0 0 0 0 0 0 0 0 0 0 0 1 
0
3 0 0 0 0 0 0 0 0 0 0 0 0 0 1 
0
3 0 0 0 0 0 0 0 0 0 0 0 0 0 1 
0
3 0 0 0 0 0 0 0 0 0 0 0 0 0 1 
0
3 0 0 0 0 0 0 0 0 0 0 0 0 0 1 
0
3 0 0 0 0 0 0 0 0 0 0 0 0 0 1 
0
3 0 0 0 0 0 0 0 0 0 0 0 0 0 1 
0
3 0 0 0 0 0 0 0 0 0 0 0 0 0 1 
0
3 0 0 0 0 0 0 0 0 0 0 0 0 0 1 
0
3 0 0 0 0 0 0 0 0 0 0 0 0 0 1 
0
3 0 0 0 0 0 0 0 0 0 0 0 0 0 1 
0
3 0 0 0 0 0 0 0 0 0 0 0 0 0 1 
0
3 0 0 0 0 0 0 0 0 0 0 0 0 0 1 
0
3 0 0 0 0 0 0 0 0 0 0 0 0 0 1 
0
3 0 0 0 0 0 0 0 0 0 0 0 0 0 1 
0
3 0 0 0 0 0 0 0 0 0 0 0 0 0 1 
0
3 0 0 0 0 0 0 0 0 0 0 0 0 0 1 
0
3 0 0 0 0 0 0 0 0 0 0 0 0 0 1 
0
3 0 0 0 0 0 0 0 0 0 0 0 0 0 1 
0
3 0 0 0 0 0 0 0 0 0 0 0 0 0 1 
0
3 0 0 0 0 0 0 0 0 0 0 0 0 0 1 
0
3 0 0 0 0 0 0 0 0 0 0 0 0 0 1 
0
3 0 0 0 0 0 0 0 0 0 0 0 0 0 1 
0
3 0 0 0 0 0 0 0 0 0 0 0 0 0 1 
0
3 0 0 0 0 0 0 0 0 0 0 0 0 0 1 
0
3 0 0 0 0 0 0 0 0 0 0 0 0 0 1 
0
3 0 0 0 0 0 0 0 0 0 0 0 0 0 1 
0
3 0 0 0 0 0 0 0 0 0 0 0 0 0 1 
0
3 0 0 0 0 0 0 0 0 0 0 0 0 0 1 
0
3 0 0 0 0 0 0 0 0 0 0 0 0 0 1 
0
3 0 0 0 0 0 0 0 0 0 0 0 0 0 1 
0
3 0 0 0 0 0 0 0 0 0 0 0 0 0 1 
0
3 0 0 0 0 0 0 0 0 0 0 0 0 0 1 
0
3 0 0 0 0 0 0 0 0 0 0 0 0 0 1 
0
3 0 0 0 0 0 0 0 0 0 0 0 0 0 1 
0
3 0 0 0 0 0 0 0 0 0 0 0 0 0 1 
0
3 0 0 0 0 0 0 0 0 0 0 0 0 0 1 
0
3 0 0 0 0 0 0 0 0 0 0 0 0 0 1 
0
3 0 0 0 0 0 0 0 0 0 0 0 0 0 1 
0
3 0 0 0 0 0 0 0 0 0 0 0 0 0 1 
0
3 0 0 0 0 0 0 0 0 0 0 0 0 0 1 
0
3 0 0 0 0 0 0 0 0 0 0 0 0 0 1 
0
3 0 0 0 0 0 0 0 0 0 0 0 0 0 1 
0
3 0 0 0 0 0 0 0 0 0 0 0 0 0 1 
0
3 0 0 0 0 0 0 0 0 0 0 0 0 0 1 
0
3 0 0 0 0 0 0 0 0 0 0 0 0 0 1 
0
3 0 0 0 0 0 0 0 0 0 0 0 0 0 1 
0
3 0 0 0 0 0 0 0 0 0 0 0 0 0 1 
0
3 0 0 0 0 0 0 0 0 0 0 0 0 0 1 
0
3 0 0 0 0 0 0 0 0 0 0 0 0 0 1 
0
3 0 0 0 0 0 0 0 0 0 0 0 0 0 1 
0
3 0 0 0 0 0 0 0 0 0 0 0 0 0 1 
0
3 0 0 0 0 0 0 0 0 0 0 0 0 0 1 
0
3 0 0 0 0 0 0 0 0 0 0 0 0 0 1 
0
3 0 0 0 0 0 0 0 0 0 0 0 0 0 1 
0
3 0 0 0 0 0 0 0 0 0 0 0 0 0 1 
0
3 0 0 0 0 0 0 0 0 0 0 0 0 0 1 
0
3 0 0 0 0 0 0 0 0 0 0 0 0 0 1 
0
3 0 0 0 0 0 0 0 0 0 0 0 0 0 1 
0
3 0 0 0 0 0 0 0 0 0 0 0 0 0 1 
0
3 0 0 0 0 0 0 0 0 0 0 0 0 0 1 
0
3 0 0 0 0 0 0 0 0 0 0 0 0 0 1 
0
3 0 0 0 0 0 0 0 0 0 0 0 0 0 1 
0
3 0 0 0 0 0 0 0 0 0 0 0 0 0 1 
0
3 0 0 0 0 0 0 0 0 0 0 0 0 0 1 
0
3 0 0 0 0 0 0 0 0 0 0 0 0 0 1 
