101
3 0 0 0 0 0 0 0 0 0 0 0 0 0 0 
101
3 0 0 0 0 0 0 0 0 0 0 0 0 0 0 
98
2 0 0 0 0 0 0 0 0 1 0 0 0 0 0 
101
2 0 0 0 0 0 0 0 0 0 0 0 1 0 0 
101
2 0 0 0 0 0 0 0 0 0 0 0 1 0 0 
0
3 0 0 0 0 0 0 0 0 0 0 0 0 0 1 
101
3 0 0 0 0 0 0 0 0 0 0 0 0 0 0 
0
3 0 0 0 0 0 0 0 0 0 0 0 0 0 1 
101
3 0 0 0 0 0 0 0 0 0 0 0 0 0 0 
99
1 0 0 0 0 0 0 0 0 0 0 0 0 1 0 
101
1 0 0 0 0 0 0 0 0 0 0 0 1 0 0 
0
3 0 0 0 0 0 0 0 0 0 0 0 0 0 1 
98
1 0 0 0 0 0 0 0 0 1 0 0 0 0 0 
101
2 0 0 0 0 0 0 0 0 0 0 0 0 0 1 
0
3 0 0 0 0 0 0 0 0 0 0 0 0 0 1 
101
1 0 0 0 0 0 0 0 0 0 0 0 0 0 1 
101
3 0 0 0 0 0 0 0 0 0 0 0 0 0 0 
101
3 0 0 0 0 0 0 0 0 0 0 0 0 0 0 
101
3 0 0 0 0 0 0 0 0 0 0 0 0 0 0 
0
3 0 0 0 0 0 0 0 0 0 0 0 0 0 1 
97
1 0 0 0 0 0 0 0 1 0 0 0 0 0 0 
101
1 0 0 0 0 0 0 0 0 0 0 0 0 0 1 
101
3 0 0 0 0 0 0 0 0 0 0 0 0 0 0 
101
2 0 0 1 0 0 0 0 0 0 0 0 0 0 0 
101
1 0 0 0 0 0 0 0 0 0 0 0 0 0 1 
0
3 0 0 0 0 0 0 0 0 0 0 0 0 0 1 
101
3 0 0 0 0 0 0 0 0 0 0 0 0 0 0 
101
3 0 0 0 0 0 0 0 0 0 0 0 0 0 0 
0
3 0 0 0 0 0 0 0 0 0 0 0 0 0 1 
101
1 0 0 0 0 0 0 0 0 0 0 0 0 0 1 
101
3 0 0 0 0 0 0 0 0 0 0 0 0 0 0 
0
3 0 0 0 0 0 0 0 0 0 0 0 0 0 1 
0
3 0 0 0 0 0 0 0 0 0 0 0 0 0 1 
0
3 0 0 0 0 0 0 0 0 0 0 0 0 0 1 
101
2 0 0 0 0 0 0 0 0 0 0 0 0 0 1 
99
2 0 0 0 0 0 0 0 0 0 0 0 0 1 0 
99
2 0 0 0 0 0 0 0 0 0 1 0 0 0 0 
99
1 0 0 0 0 0 0 1 0 0 0 0 0 0 0 
0
3 0 0 0 0 0 0 0 0 0 0 0 0 0 1 
0
3 0 0 0 0 0 0 0 0 0 0 0 0 0 1 
101
2 0 0 0 0 0 0 0 0 0 0 0 1 0 0 
101
3 0 0 0 0 0 0 0 0 0 0 0 0 0 0 
101
3 0 0 0 0 0 0 0 0 0 0 0 0 0 0 
99
1 0 0 0 0 0 0 0 0 0 0 0 0 1 0 
99
1 0 0 0 0 0 0 0 0 0 0 0 0 1 0 
101
1 0 0 0 0 0 0 0 0 0 0 0 0 0 1 
101
3 0 0 0 0 0 0 0 0 0 0 0 0 0 0 
103
1 0 0 0 0 0 0 0 0 0 0 1 0 0 0 
101
3 0 0 0 0 0 0 0 0 0 0 0 0 0 0 
0
3 0 0 0 0 0 0 0 0 0 0 0 0 0 1 
101
1 0 0 0 0 0 0 0 0 0 0 0 1 0 0 
101
3 0 0 0 0 0 0 0 0 0 0 0 0 0 0 
101
2 0 0 0 0 0 0 0 0 0 0 0 1 0 0 
101
1 0 0 0 0 0 0 0 0 0 0 0 0 0 1 
101
1 0 0 0 0 0 0 0 0 0 0 0 1 0 0 
101
3 0 0 0 0 0 0 0 0 0 0 0 0 0 0 
101
2 0 0 0 0 0 0 0 0 0 0 0 0 0 1 
97
1 0 0 0 0 0 0 0 1 0 0 0 0 0 0 
101
2 0 0 0 0 0 0 0 0 0 0 0 0 0 1 
101
3 0 0 0 0 0 0 0 0 0 0 0 0 0 0 
101
3 0 0 0 0 0 0 0 0 0 0 0 0 0 0 
101
2 0 0 1 0 0 0 0 0 0 0 0 0 0 0 
101
1 0 0 0 0 1 0 0 0 0 0 0 0 0 0 
0
3 0 0 0 0 0 0 0 0 0 0 0 0 0 1 
101
3 0 0 0 0 0 0 0 0 0 0 0 0 0 0 
0
3 0 0 0 0 0 0 0 0 0 0 0 0 0 1 
103
1 0 0 0 0 0 0 0 0 0 0 1 0 0 0 
97
1 0 0 0 0 0 0 0 1 0 0 0 0 0 0 
101
3 0 0 0 0 0 0 0 0 0 0 0 0 0 0 
101
3 0 0 0 0 0 0 0 0 0 0 0 0 0 0 
99
2 0 0 0 0 0 0 0 0 0 1 0 0 0 0 
101
3 0 0 0 0 0 0 0 0 0 0 0 0 0 0 
101
3 0 0 0 0 0 0 0 0 0 0 0 0 0 0 
0
3 0 0 0 0 0 0 0 0 0 0 0 0 0 1 
101
1 0 0 0 0 0 0 0 0 0 0 0 0 0 1 
101
3 0 0 0 0 0 0 0 0 0 0 0 0 0 0 
101
2 0 0 0 0 0 0 0 0 0 0 0 0 0 1 
101
3 0 0 0 0 0 0 0 0 0 0 0 0 0 0 
101
3 0 0 0 0 0 0 0 0 0 0 0 0 0 0 
101
1 0 0 0 0 0 0 0 0 0 0 0 0 0 1 
101
3 0 0 0 0 0 0 0 0 0 0 0 0 0 0 
101
3 0 0 0 0 0 0 0 0 0 0 0 0 0 0 
98
1 1 0 0 0 0 0 0 0 0 0 0 0 0 0 
97
2 0 0 0 0 0 0 0 1 0 0 0 0 0 0 
101
2 0 0 0 0 0 0 0 0 0 0 0 0 0 1 
101
1 0 0 0 0 0 0 0 0 0 0 0 0 0 1 
101
1 0 0 0 0 1 0 0 0 0 0 0 0 0 0 
101
2 0 0 0 0 0 0 0 0 0 0 0 0 0 1 
101
3 0 0 0 0 0 0 0 0 0 0 0 0 0 0 
101
2 0 0 0 0 1 0 0 0 0 0 0 0 0 0 
101
1 0 0 0 0 0 0 0 0 0 0 0 0 0 1 
101
3 0 0 0 0 0 0 0 0 0 0 0 0 0 0 
101
1 0 0 1 0 0 0 0 0 0 0 0 0 0 0 
0
3 0 0 0 0 0 0 0 0 0 0 0 0 0 1 
99
2 0 0 0 0 0 0 0 0 0 1 0 0 0 0 
0
3 0 0 0 0 0 0 0 0 0 0 0 0 0 1 
101
3 0 0 0 0 0 0 0 0 0 0 0 0 0 0 
101
1 0 0 0 0 1 0 0 0 0 0 0 0 0 0 
99
1 0 0 0 0 0 0 0 0 0 0 0 0 1 0 
101
1 0 0 0 0 1 0 0 0 0 0 0 0 0 0 
