0
1 0 0 0 0 0 0 0 0 0 0 0 1 0 0 
0
1 0 0 0 0 0 0 0 0 0 0 0 1 0 0 
0
1 0 0 0 0 0 0 0 0 0 0 0 1 0 0 
0
1 0 0 0 0 0 0 0 0 0 0 0 1 0 0 
0
2 0 0 0 0 0 0 0 0 0 0 0 1 0 0 
43
2 1 0 0 0 0 0 0 0 0 0 0 0 0 0 
0
2 0 0 0 0 0 0 0 0 0 0 0 1 0 0 
0
1 0 0 0 0 0 0 0 0 0 0 0 1 0 0 
0
1 0 0 0 0 0 0 0 0 0 0 0 1 0 0 
0
2 0 0 0 0 0 0 0 0 0 0 0 1 0 0 
0
2 0 0 0 0 0 0 0 0 0 0 0 1 0 0 
0
2 0 0 0 0 0 0 0 0 0 0 0 1 0 0 
0
2 0 0 0 0 0 0 0 0 0 0 0 1 0 0 
0
2 0 0 0 0 0 0 0 0 0 0 0 1 0 0 
0
2 0 0 0 0 0 0 0 0 0 0 0 1 0 0 
0
1 0 0 0 0 0 0 0 0 0 0 0 1 0 0 
0
2 0 0 0 0 0 0 0 0 0 0 0 1 0 0 
43
2 1 0 0 0 0 0 0 0 0 0 0 0 0 0 
0
1 0 0 0 0 0 0 0 0 0 0 0 1 0 0 
0
1 0 0 0 0 0 0 0 0 0 0 0 1 0 0 
0
2 0 0 0 0 0 0 0 0 0 0 0 1 0 0 
0
1 0 0 0 0 0 0 0 0 0 0 0 1 0 0 
0
1 0 0 0 0 0 0 0 0 0 0 0 1 0 0 
0
1 0 0 0 0 0 0 0 0 0 0 0 1 0 0 
0
1 0 0 0 0 0 0 0 0 0 0 0 1 0 0 
0
2 0 0 0 0 0 0 0 0 0 0 0 1 0 0 
0
2 0 0 0 0 0 0 0 0 0 0 0 1 0 0 
0
1 0 0 0 0 0 0 0 0 0 0 0 1 0 0 
0
2 0 0 0 0 0 0 0 0 0 0 0 1 0 0 
0
2 0 0 0 0 0 0 0 0 0 0 0 1 0 0 
0
2 0 0 0 0 0 0 0 0 0 0 0 1 0 0 
98
1 0 0 0 0 0 0 0 0 0 1 1 1 0 0 
0
1 0 0 0 0 0 0 0 0 0 0 0 1 0 0 
0
2 0 0 0 0 0 0 0 0 0 0 0 1 0 0 
0
1 0 0 0 0 0 0 0 0 0 0 0 1 0 0 
0
1 0 0 0 0 0 0 0 0 0 0 0 1 0 0 
0
2 0 0 0 0 0 0 0 0 0 0 0 1 0 0 
0
2 0 0 0 0 0 0 0 0 0 0 0 1 0 0 
0
1 0 0 0 0 0 0 0 0 0 0 0 1 0 0 
0
2 0 0 0 0 0 0 0 0 0 0 0 1 0 0 
0
1 0 0 0 0 0 0 0 0 0 0 0 1 0 0 
43
2 1 0 0 0 0 0 0 0 0 0 0 0 0 0 
0
1 0 0 0 0 0 0 0 0 0 0 0 1 0 0 
0
1 0 0 0 0 0 0 0 0 0 0 0 1 0 0 
0
2 0 0 0 0 0 0 0 0 0 0 0 1 0 0 
43
2 1 0 0 0 0 0 0 0 0 0 0 0 0 0 
0
1 0 0 0 0 0 0 0 0 0 0 0 1 0 0 
0
1 0 0 0 0 0 0 0 0 0 0 0 1 0 0 
0
1 0 0 0 0 0 0 0 0 0 0 0 1 0 0 
0
2 0 0 0 0 0 0 0 0 0 0 0 1 0 0 
43
1 1 0 0 0 0 0 0 0 0 0 0 0 0 0 
0
2 0 0 0 0 0 0 0 0 0 0 0 1 0 0 
0
1 0 0 0 0 0 0 0 0 0 0 0 1 0 0 
0
2 0 0 0 0 0 0 0 0 0 0 0 1 0 0 
0
2 0 0 0 0 0 0 0 0 0 0 0 1 0 0 
0
2 0 0 0 0 0 0 0 0 0 0 0 1 0 0 
0
2 0 0 0 0 0 0 0 0 0 0 0 1 0 0 
0
2 0 0 0 0 0 0 0 0 0 0 0 1 0 0 
0
1 0 0 0 0 0 0 0 0 0 0 0 1 0 0 
0
1 0 0 0 0 0 0 0 0 0 0 0 1 0 0 
0
2 0 0 0 0 0 0 0 0 0 0 0 1 0 0 
0
1 0 0 0 0 0 0 0 0 0 0 0 1 0 0 
0
1 0 0 0 0 0 0 0 0 0 0 0 1 0 0 
0
2 0 0 0 0 0 0 0 0 0 0 0 1 0 0 
0
2 0 0 0 0 0 0 0 0 0 0 0 1 0 0 
0
1 0 0 0 0 0 0 0 0 0 0 0 1 0 0 
0
1 0 0 0 0 0 0 0 0 0 0 0 1 0 0 
0
2 0 0 0 0 0 0 0 0 0 0 0 1 0 0 
0
1 0 0 0 0 0 0 0 0 0 0 0 1 0 0 
0
2 0 0 0 0 0 0 0 0 0 0 0 1 0 0 
0
1 0 0 0 0 0 0 0 0 0 0 0 1 0 0 
0
1 0 0 0 0 0 0 0 0 0 0 0 1 0 0 
0
2 0 0 0 0 0 0 0 0 0 0 0 1 0 0 
0
1 0 0 0 0 0 0 0 0 0 0 0 1 0 0 
0
1 0 0 0 0 0 0 0 0 0 0 0 1 0 0 
0
1 0 0 0 0 0 0 0 0 0 0 0 1 0 0 
0
1 0 0 0 0 0 0 0 0 0 0 0 1 0 0 
0
2 0 0 0 0 0 0 0 0 0 0 0 1 0 0 
0
2 0 0 0 0 0 0 0 0 0 0 0 1 0 0 
111
2 0 0 0 0 0 0 0 0 1 0 0 0 0 0 
0
1 0 0 0 0 0 0 0 0 0 0 0 1 0 0 
0
2 0 0 0 0 0 0 0 0 0 0 0 1 0 0 
0
2 0 0 0 0 0 0 0 0 0 0 0 1 0 0 
0
1 0 0 0 0 0 0 0 0 0 0 0 1 0 0 
0
1 0 0 0 0 0 0 0 0 0 0 0 1 0 0 
0
1 0 0 0 0 0 0 0 0 0 0 0 1 0 0 
0
2 0 0 0 0 0 0 0 0 0 0 0 1 0 0 
0
1 0 0 0 0 0 0 0 0 0 0 0 1 0 0 
0
2 0 0 0 0 0 0 0 0 0 0 0 1 0 0 
0
2 0 0 0 0 0 0 0 0 0 0 0 1 0 0 
0
1 0 0 0 0 0 0 0 0 0 0 0 1 0 0 
0
2 0 0 0 0 0 0 0 0 0 0 0 1 0 0 
0
1 0 0 0 0 0 0 0 0 0 0 0 1 0 0 
0
1 0 0 0 0 0 0 0 0 0 0 0 1 0 0 
0
1 0 0 0 0 0 0 0 0 0 0 0 1 0 0 
0
1 0 0 0 0 0 0 0 0 0 0 0 1 0 0 
43
1 1 0 0 0 0 0 0 0 0 0 0 0 0 0 
0
2 0 0 0 0 0 0 0 0 0 0 0 1 0 0 
0
2 0 0 0 0 0 0 0 0 0 0 0 1 0 0 
0
2 0 0 0 0 0 0 0 0 0 0 0 1 0 0 
