0
1 0 0 0 0 0 0 0 0 0 0 0 1 0 0 
102
1 0 0 0 0 1 0 0 0 0 0 0 0 0 0 
100
2 0 0 0 0 0 0 0 0 0 0 1 0 0 0 
0
1 0 0 0 0 0 0 0 0 0 0 0 1 0 0 
0
1 0 0 0 0 0 0 0 0 0 0 0 1 0 0 
101
3 0 0 0 0 0 0 0 0 0 0 0 0 0 0 
101
3 0 0 0 0 0 0 0 0 0 0 0 0 0 0 
102
1 0 0 0 0 1 0 0 0 0 0 0 0 0 0 
100
2 0 0 0 0 0 1 0 0 0 0 0 0 0 0 
101
3 0 0 0 0 0 0 0 0 0 0 0 0 0 0 
101
1 0 0 0 0 0 0 0 0 0 1 0 0 0 0 
43
2 1 0 0 0 0 0 0 0 0 0 0 0 0 0 
97
2 0 0 0 0 0 0 0 1 0 0 0 0 0 0 
101
3 0 0 0 0 0 0 0 0 0 0 0 0 0 0 
43
1 1 0 0 0 0 0 0 0 0 0 0 0 0 0 
101
2 0 0 0 0 0 0 0 0 0 1 0 0 0 0 
101
3 0 0 0 0 0 0 0 0 0 0 0 0 0 0 
101
3 0 0 0 0 0 0 0 0 0 0 0 0 0 0 
101
3 0 0 0 0 0 0 0 0 0 0 0 0 0 0 
0
2 0 0 0 0 0 0 0 0 0 0 0 1 0 0 
101
3 0 0 0 0 0 0 0 0 0 0 0 0 0 0 
101
3 0 0 0 0 0 0 0 0 0 0 0 0 0 0 
100
2 0 0 0 0 0 1 0 0 0 0 0 0 0 0 
100
1 0 0 0 0 0 0 0 0 0 0 1 0 0 0 
102
1 0 0 0 0 1 0 0 0 0 0 0 0 0 0 
101
3 0 0 0 0 0 0 0 0 0 0 0 0 0 0 
101
3 0 0 0 0 0 0 0 0 0 0 0 0 0 0 
103
2 0 0 0 0 0 0 1 0 0 0 0 0 0 0 
101
2 0 0 0 0 0 0 0 0 0 1 0 0 0 0 
101
3 0 0 0 0 0 0 0 0 0 0 0 0 0 0 
102
1 0 0 0 0 1 0 0 0 0 0 0 0 0 0 
103
2 0 0 1 0 0 0 0 0 0 0 0 0 0 0 
0
2 0 0 0 0 0 0 0 0 0 0 0 1 0 0 
0
1 0 0 0 0 0 0 0 0 0 0 0 1 0 0 
0
1 0 0 0 0 0 0 0 0 0 0 0 1 0 0 
0
2 0 0 0 0 0 0 0 0 0 0 0 1 0 0 
100
1 0 0 0 0 0 1 0 0 0 0 0 0 0 0 
102
1 0 0 0 1 0 0 0 0 0 0 0 0 0 0 
101
2 0 0 0 0 0 0 0 0 0 0 0 0 0 1 
101
3 0 0 0 0 0 0 0 0 0 0 0 0 0 0 
97
1 0 0 0 0 0 0 0 1 0 0 0 0 0 0 
102
1 0 0 0 1 0 0 0 0 0 0 0 0 0 0 
135
2 0 0 0 0 0 0 0 0 0 0 0 0 1 0 
0
2 0 0 0 0 0 0 0 0 0 0 0 1 0 0 
0
2 0 0 0 0 0 0 0 0 0 0 0 1 0 0 
101
1 0 0 0 0 0 0 0 0 0 1 0 0 0 0 
103
2 0 0 0 0 0 0 1 0 0 0 0 0 0 0 
101
3 0 0 0 0 0 0 0 0 0 0 0 0 0 0 
101
3 0 0 0 0 0 0 0 0 0 0 0 0 0 0 
101
3 0 0 0 0 0 0 0 0 0 0 0 0 0 0 
101
3 0 0 0 0 0 0 0 0 0 0 0 0 0 0 
100
1 0 0 0 0 0 1 0 0 0 0 0 0 0 0 
101
3 0 0 0 0 0 0 0 0 0 0 0 0 0 0 
101
3 0 0 0 0 0 0 0 0 0 0 0 0 0 0 
101
3 0 0 0 0 0 0 0 0 0 0 0 0 0 0 
111
1 0 0 0 0 0 0 0 0 1 0 0 0 0 0 
102
2 0 0 0 1 0 0 0 0 0 0 0 0 0 0 
0
1 0 0 0 0 0 0 0 0 0 0 0 1 0 0 
43
1 1 0 0 0 0 0 0 0 0 0 0 0 0 0 
103
2 0 0 0 0 0 0 1 0 0 0 0 0 0 0 
101
2 0 0 0 0 0 0 0 0 0 1 0 0 0 0 
101
3 0 0 0 0 0 0 0 0 0 0 0 0 0 0 
101
3 0 0 0 0 0 0 0 0 0 0 0 0 0 0 
101
3 0 0 0 0 0 0 0 0 0 0 0 0 0 0 
100
2 0 0 0 0 0 0 0 0 0 0 1 0 0 0 
101
3 0 0 0 0 0 0 0 0 0 0 0 0 0 0 
0
1 0 0 0 0 0 0 0 0 0 0 0 1 0 0 
101
3 0 0 0 0 0 0 0 0 0 0 0 0 0 0 
101
3 0 0 0 0 0 0 0 0 0 0 0 0 0 0 
0
1 0 0 0 0 0 0 0 0 0 0 0 1 0 0 
0
2 0 0 0 0 0 0 0 0 0 0 0 1 0 0 
0
1 0 0 0 0 0 0 0 0 0 0 0 1 0 0 
100
2 0 0 0 0 0 1 0 0 0 0 0 0 0 0 
101
3 0 0 0 0 0 0 0 0 0 0 0 0 0 0 
101
3 0 0 0 0 0 0 0 0 0 0 0 0 0 0 
101
3 0 0 0 0 0 0 0 0 0 0 0 0 0 0 
111
2 0 0 0 0 0 0 0 0 1 0 0 0 0 0 
101
3 0 0 0 0 0 0 0 0 0 0 0 0 0 0 
97
1 0 0 0 0 0 0 0 1 0 0 0 0 0 0 
101
3 0 0 0 0 0 0 0 0 0 0 0 0 0 1 
101
3 0 0 0 0 0 0 0 0 0 0 0 0 0 0 
100
1 0 0 0 0 0 1 0 0 0 0 0 0 0 0 
100
1 0 0 0 0 0 1 0 0 0 0 0 0 0 0 
0
1 0 0 0 0 0 0 0 0 0 0 0 1 0 0 
111
1 0 0 0 0 0 0 0 0 1 0 0 0 0 0 
100
1 0 0 0 0 0 0 0 0 0 0 1 0 0 0 
102
2 0 0 0 0 1 0 0 0 0 0 0 0 0 0 
97
1 0 0 0 0 0 0 0 1 0 0 0 0 0 0 
102
2 0 0 0 1 0 0 0 0 0 0 0 0 0 0 
0
2 0 0 0 0 0 0 0 0 0 0 0 1 0 0 
101
3 0 0 0 0 0 0 0 0 0 0 0 0 0 0 
101
3 0 0 0 0 0 0 0 0 0 0 0 0 0 0 
101
3 0 0 0 0 0 0 0 0 0 0 0 0 0 0 
101
3 0 0 0 0 0 0 0 0 0 0 0 0 0 0 
101
3 0 0 0 0 0 0 0 0 0 0 0 0 0 0 
101
3 0 0 0 0 0 0 0 0 0 0 0 0 0 0 
43
1 1 0 0 0 0 0 0 0 0 0 0 0 0 0 
0
2 0 0 0 0 0 0 0 0 0 0 0 1 0 0 
101
3 0 0 0 0 0 0 0 0 0 0 0 0 0 0 
0
2 0 0 0 0 0 0 0 0 0 0 0 1 0 0 
