Solution
0.6 0.2 0.2 0 0 0 0 0 0.2 0.2 0 0.2 0.2 0 0 0.2 0 
Solution
1 0 0 0.2 0 0 0 0 0.2 0.2 0 0 0.2 0 0 0 0.2 
Solution
0.8 0.2 0 0.2 0 0 0.2 0 0 0.4 0 0.2 0.2 0.2 0.2 0.2 0 
Solution
1 0 0 0.4 0 0.2 0.2 0 0 0 0.2 0 0 0.2 0 0 0 
Solution
0.8 0 0.2 0.2 0 0.2 0.4 0 0 0 0 0 0.2 0.4 0 0.2 0 
Solution
1 0 0 0.2 0 0.4 0 0 0.4 0 0 0 0 0 0.4 0.2 0 
Solution
1 0 0 0 0 0.2 0.2 0 0 0.2 0.4 0 0 0 0.4 0 0 
Solution
0.8 0.2 0 0 0 0.2 0.2 0 0 0 0.2 0 0 0 0 0 0.4 
Solution
0.6 0 0.4 0 0 0 0 0 0.2 0.2 0.2 0.2 0 0.2 0 0.2 0 
Solution
1 0 0 0 0 0.4 0.2 0 0.2 0 0.6 0 0 0 0 0 0 
Solution
1 0 0 0 0 0.2 0.2 0.2 0 0 0.2 0.2 0 0 0 0.4 0 
Solution
1 0 0 0.2 0 0 0 0 0 0 0.2 0.2 0 0 0.2 0 0.4 
Solution
0.8 0.2 0 0.4 0 0.2 0.2 0 0 0 0 0 0 0.4 0.2 0 0 
Solution
0.8 0.2 0 0.4 0 0.2 0 0 0 0.2 0.2 0 0 0.2 0 0 0.2 
Solution
0.8 0 0.2 0 0 0.2 0 0 0 0.4 0 0 0.2 0 0 0 0 
Solution
0.6 0.2 0.2 0.2 0 0.4 0 0 0 0 0 0 0 0 0 0.2 0.2 
Solution
1 0 0 0 0 0 0 0.2 0 0 0.4 0 0.2 0.4 0.4 0 0.4 
Solution
0.8 0 0.2 0 0 0 0 0 0.2 0.2 0.2 0 0.2 0.2 0 0.2 0.2 
Solution
0.8 0.2 0 0.2 0 0 0 0 0.2 0 0.4 0 0.2 0 0 0.2 0 
Solution
0.8 0 0.2 0.2 0 0 0 0 0 0 0.2 0 0.4 0.2 0 0 0 
Solution
1 0 0 0.2 0 0 0 0.2 0 0.2 0 0 0 0.2 0.2 0 0.4 
Solution
0.8 0 0.2 0.4 0 0.2 0 0 0 0 0.2 0 0 0 0 0.2 0 
Solution
0.8 0 0.2 0.6 0 0 0 0 0.2 0 0 0 0 0 0.2 0.2 0 
Solution
1 0 0 0.2 0 0.2 0 0 0 0 0.4 0 0 0 0.2 0.2 0.2 
Solution
1 0 0 0.2 0 0 0 0 0.4 0 0 0 0.4 0.2 0 0.2 0 
Solution
1 0 0 0 0 0.2 0.2 0 0.2 0 0 0.2 0.2 0 0 0.2 0 
Solution
1 0 0 0 0 0.4 0.2 0.2 0 0.4 0 0.2 0.2 0.2 0.2 0 0 
Solution
1 0 0 0 0 0 0.4 0 0 0.2 0 0.2 0 0 0 0.2 0.2 
Solution
0.8 0 0.2 0 0 0.4 0 0 0.2 0.2 0 0 0 0 0.2 0 0 
Solution
1 0 0 0 0 0.2 0.2 0.2 0.2 0.2 0 0.2 0 0.2 0.2 0 0 
Solution
1 0 0 0 0 0 0 0.2 0 0 0.2 0 0.2 0 0 0.2 0.4 
Solution
0.6 0.2 0.2 0.4 0 0 0.4 0 0 0 0 0.2 0 0 0 0 0 
Solution
1 0 0 0.2 0 0 0 0 0 0.4 0.4 0 0 0 0.4 0 0 
Solution
1 0 0 0.2 0 0 0.2 0 0.2 0 0 0 0.2 0 0.2 0 0.2 
Solution
0.4 0 0.6 0 0 0.2 0 0 0 0.2 0 0.2 0 0.2 0.2 0.2 0 
Solution
0.8 0 0.2 0 0 0 0.2 0 0 0.2 0.2 0.4 0 0 0 0 0 
Solution
0.8 0 0.2 0.6 0 0 0 0 0 0 0 0 0.2 0 0 0 0 
Solution
1 0 0 0 0 0 0 0 0 0 0 0.2 0.6 0.2 0.2 0 0 
Solution
1 0 0 0.2 0 0 0.2 0 0.2 0.2 0.2 0.2 0 0 0.2 0.2 0 
Solution
1 0 0 0.2 0 0.2 0 0 0.2 0 0 0.2 0 0.2 0 0.2 0.2 
Solution
1 0 0 0.2 0 0.2 0.4 0 0.2 0 0.2 0.2 0 0 0 0 0 
Solution
0.8 0 0.2 0 0 0 0.2 0.4 0.2 0.2 0 0.2 0 0.2 0 0 0 
Solution
1 0 0 0.4 0 0.2 0 0.2 0 0.2 0 0 0.2 0 0 0 0.2 
Solution
0.8 0 0.2 0.2 0 0.2 0 0.2 0 0.2 0.2 0 0 0.4 0 0 0 
Solution
0.8 0 0.2 0.2 0 0 0.2 0 0 0 0 0 0 0.2 0.2 0 0.4 
Solution
0.8 0 0.2 0.2 0 0.2 0.2 0 0 0.2 0 0 0 0 0.2 0 0 
Solution
1 0 0 0.6 0 0 0 0 0 0 0 0 0.4 0 0 0 0.2 
Solution
1 0 0 0 0 0 0.6 0 0.2 0 0 0 0 0.2 0 0.4 0 
Solution
1 0 0 0.4 0 0.2 0 0 0 0 0 0.2 0 0 0.2 0 0.2 
Solution
1 0 0 0.2 0 0 0 0 0 0 0.2 0.2 0.2 0 0.2 0.2 0.2 
Solution
1 0 0 0.2 0 0.2 0 0 0 0.2 0.2 0 0 0 0 0 0.2 
Solution
1 0 0 0 0 0 0.2 0 0 0.4 0 0 0 0.2 0.2 0.4 0.2 
Solution
1 0 0 0 0 0 0 0.2 0.2 0.2 0.2 0 0 0.2 0 0.4 0.2 
Solution
0.8 0 0.2 0 0 0 0.4 0 0 0 0.2 0 0 0.2 0 0 0 
Solution
0.8 0 0.2 0 0 0.2 0 0 0 0 0.2 0 0.2 0 0 0 0.2 
Solution
1 0 0 0 0 0 0.2 0 0 0.2 0 0 0.4 0 0 0.4 0.2 
Solution
1 0 0 0.2 0 0 0.4 0 0 0 0 0.2 0.4 0 0.2 0 0 
Solution
0.6 0.2 0.2 0 0 0 0.2 0.2 0 0 0 0.4 0 0 0.4 0 0 
Solution
0.8 0.2 0 0.4 0 0 0 0 0 0 0.2 0 0.2 0.2 0 0.2 0 
Solution
1 0 0 0.2 0 0 0.2 0 0 0 0 0.2 0.2 0 0 0.2 0.2 
Solution
1 0 0 0 0 0 0 0.2 0 0.6 0 0 0 0 0 0 0.2 
Solution
0.8 0 0.2 0 0 0.2 0.2 0 0 0 0.2 0 0.2 0.2 0.6 0 0.2 
Solution
0.8 0.2 0 0 0 0 0.2 0 0 0 0 0.2 0 0.2 0.4 0.2 0.4 
Solution
0.8 0 0.2 0 0 0 0 0.2 0.2 0.2 0 0 0.2 0 0 0.2 0 
Solution
0.8 0 0.2 0 0 0.2 0.4 0.2 0 0 0.2 0 0 0 0 0.4 0 
Solution
0.8 0.2 0 0 0 0.2 0 0.2 0 0 0.4 0.4 0 0 0 0.2 0 
Solution
0.8 0 0.2 0 0 0 0.2 0.2 0.2 0 0.2 0 0 0 0 0.2 0.2 
Solution
0.8 0.2 0 0.2 0 0 0.4 0 0.2 0 0 0.2 0 0.4 0.2 0 0 
Solution
0.8 0 0.2 0.2 0 0 0.4 0.2 0 0 0.2 0.4 0 0.2 0.4 0 0 
Solution
1 0 0 0.2 0 0 0.2 0 0 0 0.2 0.2 0 0 0.2 0.4 0.2 
Solution
1 0 0 0.6 0 0 0 0.2 0 0.2 0 0 0 0 0.2 0.2 0.2 
Solution
1 0 0 0 0 0.4 0.2 0 0.2 0 0.4 0 0.2 0 0 0.2 0 
Solution
1 0 0 0.2 0 0.4 0 0 0 0 0 0 0.4 0 0 0.2 0.2 
Solution
1 0 0 0.2 0 0 0 0.2 0.4 0.2 0.4 0 0 0 0.2 0 0 
Solution
1 0 0 0.2 0 0 0 0 0.2 0 0.2 0.2 0.2 0.2 0 0.2 0 
Solution
1 0 0 0.4 0 0 0.2 0 0.2 0.2 0 0 0.2 0 0.2 0 0 
Solution
1 0 0 0 0 0.2 0.2 0 0.2 0.2 0 0 0 0.2 0 0 0 
Solution
1 0 0 0.2 0 0 0.2 0 0 0 0 0 0.4 0 0 0 0.2 
Solution
0.8 0 0.2 0 0 0.2 0 0 0.2 0.2 0 0 0 0.2 0.2 0 0.2 
Solution
0.8 0.2 0 0.2 0 0.4 0 0 0 0.2 0.2 0 0.2 0 0.2 0 0 
Solution
1 0 0 0.4 0 0.2 0 0.2 0 0.2 0 0.2 0 0 0 0 0 
Solution
0.8 0 0.2 0.2 0 0.2 0 0 0 0 0 0 0 0.2 0 0 0.2 
Solution
1 0 0 0.4 0 0 0 0 0.2 0.2 0.2 0 0.2 0 0.2 0 0 
Solution
0.6 0.2 0.2 0 0 0.2 0 0 0 0 0 0.2 0 0.4 0 0.2 0 
Solution
0.8 0 0.2 0.2 0 0 0 0 0 0 0.4 0 0.2 0 0 0.2 0 
Solution
1 0 0 0 0 0 0 0 0.4 0 0 0.4 0.2 0 0 0.6 0 
Solution
1 0 0 0.2 0 0 0.2 0 0 0.2 0 0.2 0 0 0 0 0.2 
Solution
1 0 0 0 0 0.2 0 0.2 0.2 0.4 0 0 0.2 0 0 0.2 0 
Solution
0.8 0 0.2 0.2 0 0 0 0 0.2 0.2 0 0 0 0.2 0 0 0 
Solution
0.8 0 0.2 0 0 0.4 0 0 0 0 0 0.2 0.2 0 0.2 0 0 
Solution
1 0 0 0 0 0.4 0.2 0 0.2 0 0.2 0 0 0 0.2 0 0.2 
Solution
1 0 0 0.2 0 0.2 0.4 0 0 0.2 0 0 0.2 0 0.2 0 0 
Solution
0.8 0 0.2 0.4 0 0 0 0 0 0.2 0 0 0.2 0 0 0.2 0.2 
Solution
0.8 0 0.2 0 0 0.2 0.2 0 0 0 0.2 0 0 0 0 0.2 0.2 
Solution
0.8 0 0.2 0 0 0.2 0 0 0 0.4 0 0.4 0 0 0 0.2 0.2 
Solution
0.8 0 0.2 0 0 0.2 0.2 0 0 0.2 0 0 0 0.4 0.4 0 0.2 
Solution
1 0 0 0.2 0 0.2 0.2 0.2 0.2 0 0.2 0 0 0 0.2 0.2 0 
Solution
1 0 0 0.2 0 0 0 0 0.2 0 0 0.4 0 0.2 0.4 0 0 
Solution
0.8 0 0.2 0.4 0 0 0.2 0 0 0 0 0 0.2 0 0.2 0.2 0 
Solution
1 0 0 0.2 0 0.2 0 0 0.2 0 0 0.2 0 0 0 0 0.2 
