000000100000000
000010000000000
000000100000000
000000100000000
000000100000000
000010000000000
000010000000000
010000000000000
000010000000000
000000100000000
000000100000000
000010000000000
010000000000000
010000000000000
000010000000000
000010000000000
000000100000000
010000000000000
000010000000000
000000100000000
010000000000000
010000000000000
010000000000000
010000000000000
000010000000000
010000000000000
010000000000000
000000100000000
000000100000000
000000100000000
000010000000000
000000100000000
000000100000000
010000000000000
000010000000000
000010000000000
000010000000000
000000100000000
000010000000000
000000100000000
000000100000000
010000000000000
000010000000000
010000000000000
000010000000000
010000000000000
010000000000000
000010000000000
000010000000000
000010000000000
000000100000000
000000100000000
000010000000000
000010000000000
000010000000000
000000100000000
000000100000000
000010000000000
000010000000000
000000100000000
000000100000000
010000000000000
010000000000000
000010000000000
000010000000000
000000100000000
000000100000000
000000100000000
010000000000000
000000100000000
000000100000000
000010000000000
000010000000000
010000000000000
000010000000000
000000100000000
000000100000000
010000000000000
000010000000000
000010000000000
000010000000000
010000000000000
010000000000000
010000000000000
010000000000000
000010000000000
000000100000000
010000000000000
010000000000000
010000000000000
000010000000000
000010000000000
000000100000000
000010000000000
010000000000000
000000100000000
000010000000000
000000100000000
000010000000000
010000000000000
