000000000001000
000000000001000
000000000001000
000000000001000
000000000001000
000000000001000
000000000001000
000000000001000
000000000001000
000000000001000
000000000001000
000000000001000
000000000001000
000010001010000
000000000001000
000000000001000
000000000001000
000000000001000
000000000001000
000000000001000
000000000001000
000000000001000
000000000001000
000000000001000
000000000001000
000000000001000
000000000001000
000000000001000
000000000001000
000000000001000
000000000001000
000000000001000
000000000001000
000000000001000
000000000001000
000000000001000
000000000001000
000000000001000
000000000001000
000000000001000
000000000001000
000000000001000
000000000001000
000000000001000
000000000001000
000000000001000
000000000001000
000000000001000
000000000001000
000000000001000
000000000001000
000000000001000
000000000001000
000000000001000
000000000001000
000000000001000
000000000001000
000000000001000
000000000001000
000000000001000
000000000001000
000000000001000
000000000001000
000000000001000
000000000001000
000000000001000
000000000001000
000000000001000
000000000001000
000000000001000
000000000001000
000000000001000
000000000001000
000000000001000
000000000001000
000000000001000
000000000001000
000000000001000
000000000001000
000000000001000
000000000001000
000000000001000
000000000001000
000000000001000
000000000001000
000000000001000
000000000001000
000000000001000
000000000001000
000000000001000
000000000001000
000000000001000
000000000001000
000000000001000
000000000001000
000000000001000
000000000001000
000000000001000
000000000001000
000000000001000
