000000000000100
000000000001000
000000000000100
000000000000100
000000000000100
000000000001000
000000000001000
000000000001000
000000000000100
000000000000100
000000000000100
000000000001000
000000000000100
000000000000100
000000000001000
000000000000100
000000000001000
000000000000100
000000000001000
000000000000100
000000000001000
000000000001000
000000000001000
000000000001000
000000000001000
000000000001000
000000000000100
000000000000100
000000000000100
000000000000100
000000000000100
000000000001000
000000000001000
000000000000100
000000000000100
000000000000100
000000000000100
000000000001000
000000000000100
000000000000100
000000000001000
000000000000100
000000000000100
000000000001000
000000000000100
000000000000100
000000000001000
000000000001000
000000000000100
000000000001000
000000000001000
000000000000100
000000000001000
000000000000100
000000000000100
000000000000100
000000000001000
000000000001000
000000000001000
000000000000100
000000000001000
000000000000100
000000000000100
000000000000100
000000000001000
000000000001000
000000000001000
000000000000100
000000000000100
000000000000100
000000000001000
000000000001000
000000000001000
000000000001000
000000000000100
000000000001000
000000000001000
000000000001000
000000000001000
000000000001000
000000000001000
000000000000100
000000000000100
000000000001000
000000000001000
000000000000100
000000000001000
000000000000100
000000000000100
000000000001000
000000000000100
000000000001000
000000000001000
000000000000100
000000000001000
000000000000100
000000000001000
000000000000100
000000000001000
000000000000100
