000000000000100
000000000000100
000000000000100
000000000000100
000000000000100
000000000000100
010000000101000
000010100000100
000000000000100
000000000000100
000000000000100
000000000000100
010000000000000
000000000000100
000000000000100
000000000000100
000000000000100
000000000000100
000000001001100
000000000000100
000000000000100
000000000000100
000000000000100
000000110000000
000000000000100
000000000000100
000000000000100
000010100101000
000000000000100
010000000101000
000100101010100
000000000000100
000000000000100
000000000000100
000000000000100
000000000000100
000000000000100
000000000000100
000000000000100
000000000000100
000000000000100
000000000000100
000000000000100
000000000000100
000000000000100
000000000000100
000000000000100
000000000000100
000000000000100
000000000000100
000000010100100
000000000000100
000000001001100
000000010100100
000000001001100
000000000000100
000000000000100
000000000000100
000000000000100
000000000000100
000000000000100
000000000000100
000000000000100
000000000000100
000000000000100
000000000000100
000000000000100
000000000000100
000100100000100
000000000000100
000000000000100
000000000000100
000000000000100
010000000101000
000000000000100
000000000000100
000000000000100
000000000000100
000000000000100
000000000000100
000000000000100
000000000000100
000000000000100
000000000000100
000000000000100
000000000000100
000000000000100
000000000000100
000000000000100
000000000000100
000000000000100
000000000000100
000000000000100
000000000000100
000000000000100
000000000000100
000000000000100
000000000000100
000000000000100
000000000000100
