000000000000100
000000000000100
010000010100100
000000010100100
000000000000100
000000000000100
000000000000100
000000000000100
000010100000000
000000000000100
000000000000100
000000000000100
000000000000100
000000000000100
000000000000100
000000000000100
000000001010100
000000000000100
000000000000100
000000000000100
000000000000100
000000000000100
000000000000100
000000000000100
000000000000100
000000000000100
000000000000100
000000000000100
000000000000100
000000000000100
000000000000100
000000000000100
000000000000100
000000000000100
000000000000100
000000000000100
000000000000100
000101000000100
000000000000100
000000000000100
000000000000100
000000000000100
000000000000100
000000000000100
000000000000100
000000000000100
000000000000100
000101000000100
000000000000100
000000000000100
000010100000100
000000000000100
000000000000100
000000000000100
000000000000100
000000000000100
000010100000000
000000000000100
000000000000100
000000000000100
000000000000100
000000000000100
000000000000100
000000000000100
000000000000100
000000000000100
000000000000100
000000000000100
000011000000100
000000000000100
000000000000100
000000000000100
000000000000100
000000000000100
000000000000100
000000000000100
000000000000100
000000000000100
000000000000100
000000000000100
000000000000100
000000000000100
000000000000100
000000000000100
000000000000100
000000000000100
000000000000100
000000000000100
000000000000100
000000000000100
000000000000100
000000000000100
000000000000100
000010100000100
000000000000100
000010100000000
000000000000100
000000000000100
000000000000100
000000000000100
