000000000000010
000000000001000
000000000000010
000000000001000
000000000001000
000000000000010
000000000000010
000000100000000
000000000000100
000000000001000
000000000000100
000000100000000
000000000001000
000000000000010
000000000000010
000000000000100
000000000000010
000000000001000
000000000001000
000000000000100
000000000001000
000001000000000
000000000001000
000000000000100
000000000000100
000000000000100
000000000000010
000000000001000
000000000000010
000000000001000
000000000001000
000000000000100
000000000000010
000000000001000
000000000000010
000000000000100
000001000000000
000000000001000
000000000001000
000000000001000
000000000000010
000000000000010
000000000001000
000000000000010
000000000000100
000000000000010
000001000000000
000000000000100
000000000000100
000000000000010
000001000000000
000000000000010
000000000000010
000001000000000
000000000000010
000000000000010
000001000000000
000000000000010
000000000000010
000000000001000
000000000000010
000000000000010
000001000000000
000000000000010
000000000000010
000000000001000
000000000000100
000001000000000
000000100000000
000000000001000
000001000000000
000000000000010
000000000000100
000000000001000
000000100000000
000000000001000
000000000001000
000000000000100
000000000001000
000000000000010
000000000000010
000000000000100
000000000001000
000000000001000
000000100000000
000000000000010
000000000001000
000000100000000
000000000001000
000000000000010
000000000001000
000001000000000
000000000001000
000000000000010
000001000000000
000001000000000
000000000001000
000000000000100
000000000000010
000000000000010
