
Constraints satisfied: true
Unary encoding

Q matrix:
-6 -6  0  0  1 -1  0  0  1 -1  0  0  1 -1  0  0
 0  6 -6  0 -1  2  0  0  0  0  0  0  0  0  0  0
 0  0  6 -6  1 -2  0  0 -1  2  0  0  0  0  0  0
 0  0  0  6  0  0  0  0  1 -2  0  0 -1  2  0  0
 0  0  0  0 -6 -6  0  0  0  1 -1  0  0  1 -1  0
 0  0  0  0  0  6 -6  0  0  0  0  0  0  0  0  0
 0  0  0  0  0  0  6 -6  1 -2  2  0  0  0  0  0
 0  0  0  0  0  0  0  6 -1  2 -2  0  1 -2  2  0
 0  0  0  0  0  0  0  0 -6 -6  0  0  0  0  1 -1
 0  0  0  0  0  0  0  0  0  6 -6  0  0  0  0  0
 0  0  0  0  0  0  0  0  0  0  6 -6  0  0  0  0
 0  0  0  0  0  0  0  0  0  0  0  6  1  0 -2  2
 0  0  0  0  0  0  0  0  0  0  0  0 -6 -6  0  0
 0  0  0  0  0  0  0  0  0  0  0  0  0  6 -6  0
 0  0  0  0  0  0  0  0  0  0  0  0  0  0  6 -6
 0  0  0  0  0  0  0  0  0  0  0  0  0  0  0  6

Min scalar = -24
0
Solution 1
0 0 0 0 0 0 0 0 0 0 0 1 0 0 0
Objective function cost: 1

Q matrix:
-9 -9  0  0  2 -2  0  0  2 -2  0  0  2 -2  0  0
 0  9 -9  0 -2  4 -1  0 -1  2 -1  0 -1  2 -1  0
 0  0  9 -9  1 -3  2 -1 -1  1  2 -1  0 -1  2 -1
 0  0  0  9  0  0 -1  2  1 -2 -1  2 -1  2 -1  2
 0  0  0  0 -9 -9  0  0  1  0 -1  0  1  0 -1  0
 0  0  0  0  0  9 -9  0 -1  2 -1  0 -1  2 -1  0
 0  0  0  0  0  0  9 -9  1 -3  4 -1  0 -1  2 -1
 0  0  0  0  0  0  0  9 -1  2 -3  2  1 -2  1  2
 0  0  0  0  0  0  0  0 -9 -9  0  0  1 -1  1 -1
 0  0  0  0  0  0  0  0  0  9 -9  0 -1  2 -1  0
 0  0  0  0  0  0  0  0  0  0  9 -9  0 -1  2 -1
 0  0  0  0  0  0  0  0  0  0  0  9  1  0 -3  4
 0  0  0  0  0  0  0  0  0  0  0  0 -9 -9  0  0
 0  0  0  0  0  0  0  0  0  0  0  0  0  9 -9  0
 0  0  0  0  0  0  0  0  0  0  0  0  0  0  9 -9
 0  0  0  0  0  0  0  0  0  0  0  0  0  0  0  9

Min scalar = -36
0
Solution 2
0 1 0 0 0 0 0 0 0 0 0 1 0 0 0
Objective function cost: 2
