
Constraints satisfied: true
Unary encoding

Q matrix:
-39 -18   2   2   2   2   2   2   2   2   2   2   2   2   2   2
  0   1 -18   2   2   2   2   2   2   2   2   2   2   2   2   2
  0   0   1 -18   2   2   2   2   2   2   2   2   2   2   2   2
  0   0   0   1   2   2   2   2   2   2   2   2   2   2   2   2
  0   0   0   0 -39 -18   2   2   2   2   2   2   2   2   2   2
  0   0   0   0   0   1 -18   2   2   2   2   2   2   2   2   2
  0   0   0   0   0   0   1 -18   2   2   2   2   2   2   2   2
  0   0   0   0   0   0   0   1   2   2   2   2   2   2   2   2
  0   0   0   0   0   0   0   0 -39 -18   2   2   2   2   2   2
  0   0   0   0   0   0   0   0   0   1 -18   2   2   2   2   2
  0   0   0   0   0   0   0   0   0   0   1 -18   2   2   2   2
  0   0   0   0   0   0   0   0   0   0   0   1   2   2   2   2
  0   0   0   0   0   0   0   0   0   0   0   0 -39 -18   2   2
  0   0   0   0   0   0   0   0   0   0   0   0   0   1 -18   2
  0   0   0   0   0   0   0   0   0   0   0   0   0   0   1 -18
  0   0   0   0   0   0   0   0   0   0   0   0   0   0   0   1

Min scalar = -180
0
Solution 1
1 0 0 0 0 0 0 0 0 0 0 0 0 0 1 Objective function cost: 1
