
Constraints satisfied: true
Unary encoding

Q matrix:
-5 -5  0  0  0  0  0  2 -1 -1  0  0  0  0  2 -1 -1  0  0  0  0
 0  5 -5  0  0  0  0 -1  2  0 -1  0  0  0 -1  2  0 -1  0  0  0
 0  0  5 -5  0  0  0 -1  0  2  0 -1  0  0 -1  0  2  0 -1  0  0
 0  0  0  5 -5  0  0  0 -1  0  2  0 -1  0  0 -1  0  2  0 -1  0
 0  0  0  0  5 -5  0  0  0 -1  0  2  0 -1  0  0 -1  0  2  0 -1
 0  0  0  0  0  5 -5  0  0  0 -1  0  2  0  0  0  0 -1  0  2  0
 0  0  0  0  0  0  5  0  0  0  0 -1  0  2  0  0  0  0 -1  0  2
 0  0  0  0  0  0  0 -5 -5  0  0  0  0  0  2 -1 -1  0  0  0  0
 0  0  0  0  0  0  0  0  5 -5  0  0  0  0 -1  2  0 -1  0  0  0
 0  0  0  0  0  0  0  0  0  5 -5  0  0  0 -1  0  2  0 -1  0  0
 0  0  0  0  0  0  0  0  0  0  5 -5  0  0  0 -1  0  2  0 -1  0
 0  0  0  0  0  0  0  0  0  0  0  5 -5  0  0  0 -1  0  2  0 -1
 0  0  0  0  0  0  0  0  0  0  0  0  5 -5  0  0  0 -1  0  2  0
 0  0  0  0  0  0  0  0  0  0  0  0  0  5  0  0  0  0 -1  0  2
 0  0  0  0  0  0  0  0  0  0  0  0  0  0 -5 -5  0  0  0  0  0
 0  0  0  0  0  0  0  0  0  0  0  0  0  0  0  5 -5  0  0  0  0
 0  0  0  0  0  0  0  0  0  0  0  0  0  0  0  0  5 -5  0  0  0
 0  0  0  0  0  0  0  0  0  0  0  0  0  0  0  0  0  5 -5  0  0
 0  0  0  0  0  0  0  0  0  0  0  0  0  0  0  0  0  0  5 -5  0
 0  0  0  0  0  0  0  0  0  0  0  0  0  0  0  0  0  0  0  5 -5
 0  0  0  0  0  0  0  0  0  0  0  0  0  0  0  0  0  0  0  0  5

Min scalar = -15
0
Solution 1
0 0 0 0 0 0 0 0 0 0 0 0 1 0 0
Objective function cost: 1

Q matrix:
-5 -5  0  0  0  0  0  2  0 -1  0  0  0  0  2  0 -1  0  0  0  0
 0  5 -5  0  0  0  0  0  0  1 -1  0  0  0  0  0  1 -1  0  0  0
 0  0  5 -5  0  0  0 -1  1  0  1 -1  0  0 -1  1  0  1 -1  0  0
 0  0  0  5 -5  0  0  0 -1  1  0  1 -1  0  0 -1  1  0  1 -1  0
 0  0  0  0  5 -5  0  0  0 -1  1  0  1 -1  0  0 -1  1  0  1 -1
 0  0  0  0  0  5 -5  0  0  0 -1  1  0  1  0  0  0 -1  1  0  1
 0  0  0  0  0  0  5  0  0  0  0 -1  1  0  0  0  0  0 -1  1  0
 0  0  0  0  0  0  0 -5 -5  0  0  0  0  0  2  0 -1  0  0  0  0
 0  0  0  0  0  0  0  0  5 -5  0  0  0  0  0  0  1 -1  0  0  0
 0  0  0  0  0  0  0  0  0  5 -5  0  0  0 -1  1  0  1 -1  0  0
 0  0  0  0  0  0  0  0  0  0  5 -5  0  0  0 -1  1  0  1 -1  0
 0  0  0  0  0  0  0  0  0  0  0  5 -5  0  0  0 -1  1  0  1 -1
 0  0  0  0  0  0  0  0  0  0  0  0  5 -5  0  0  0 -1  1  0  1
 0  0  0  0  0  0  0  0  0  0  0  0  0  5  0  0  0  0 -1  1  0
 0  0  0  0  0  0  0  0  0  0  0  0  0  0 -5 -5  0  0  0  0  0
 0  0  0  0  0  0  0  0  0  0  0  0  0  0  0  5 -5  0  0  0  0
 0  0  0  0  0  0  0  0  0  0  0  0  0  0  0  0  5 -5  0  0  0
 0  0  0  0  0  0  0  0  0  0  0  0  0  0  0  0  0  5 -5  0  0
 0  0  0  0  0  0  0  0  0  0  0  0  0  0  0  0  0  0  5 -5  0
 0  0  0  0  0  0  0  0  0  0  0  0  0  0  0  0  0  0  0  5 -5
 0  0  0  0  0  0  0  0  0  0  0  0  0  0  0  0  0  0  0  0  5

Min scalar = -12
0
Solution 2
0 0 1 0 0 0 0 0 0 0 0 0 1 0 0
Objective function cost: 2

Q matrix:
-9 -9  0  0  0  0  0  3 -2 -1  0  0  0  0  3 -2 -1  0  0  0  0
 0  9 -9  0  0  0  0 -2  4 -1 -1  0  0  0 -2  4 -1 -1  0  0  0
 0  0  9 -9  0  0  0 -1 -1  4 -1 -1  0  0 -1 -1  4 -1 -1  0  0
 0  0  0  9 -9  0  0  0 -1 -1  4 -1 -1  0  0 -1 -1  4 -1 -1  0
 0  0  0  0  9 -9  0  0  0 -1 -1  4 -1 -1  0  0 -1 -1  4 -1 -1
 0  0  0  0  0  9 -9  0  0  0 -1 -1  4 -1  0  0  0 -1 -1  4 -1
 0  0  0  0  0  0  9  0  0  0  0 -1 -1  4  0  0  0  0 -1 -1  4
 0  0  0  0  0  0  0 -9 -9  0  0  0  0  0  3 -2 -1  0  0  0  0
 0  0  0  0  0  0  0  0  9 -9  0  0  0  0 -2  4 -1 -1  0  0  0
 0  0  0  0  0  0  0  0  0  9 -9  0  0  0 -1 -1  4 -1 -1  0  0
 0  0  0  0  0  0  0  0  0  0  9 -9  0  0  0 -1 -1  4 -1 -1  0
 0  0  0  0  0  0  0  0  0  0  0  9 -9  0  0  0 -1 -1  4 -1 -1
 0  0  0  0  0  0  0  0  0  0  0  0  9 -9  0  0  0 -1 -1  4 -1
 0  0  0  0  0  0  0  0  0  0  0  0  0  9  0  0  0  0 -1 -1  4
 0  0  0  0  0  0  0  0  0  0  0  0  0  0 -9 -9  0  0  0  0  0
 0  0  0  0  0  0  0  0  0  0  0  0  0  0  0  9 -9  0  0  0  0
 0  0  0  0  0  0  0  0  0  0  0  0  0  0  0  0  9 -9  0  0  0
 0  0  0  0  0  0  0  0  0  0  0  0  0  0  0  0  0  9 -9  0  0
 0  0  0  0  0  0  0  0  0  0  0  0  0  0  0  0  0  0  9 -9  0
 0  0  0  0  0  0  0  0  0  0  0  0  0  0  0  0  0  0  0  9 -9
 0  0  0  0  0  0  0  0  0  0  0  0  0  0  0  0  0  0  0  0  9

Min scalar = -27
0
Solution 3
0 1 0 0 0 0 0 0 0 0 0 0 1 0 0
Objective function cost: 2
