
Constraints satisfied: true
Unary encoding

Q matrix:
-4 -4  0  0  0  0  0  0  0  0  0  0  0  0  0  0
 0  4 -4  0  1 -1  0  0  1 -1  0  0  1 -1  0  0
 0  0  4 -4  0  1 -1  0  0  1 -1  0  0  1 -1  0
 0  0  0  4  0  0  1 -1  0  0  1 -1  0  0  1 -1
 0  0  0  0 -4 -4  0  0  0  0  0  0  0  0  0  0
 0  0  0  0  0  4 -4  0  1 -1  0  0  1 -1  0  0
 0  0  0  0  0  0  4 -4  0  1 -1  0  0  1 -1  0
 0  0  0  0  0  0  0  4  0  0  1 -1  0  0  1 -1
 0  0  0  0  0  0  0  0 -4 -4  0  0  0  0  0  0
 0  0  0  0  0  0  0  0  0  4 -4  0  1 -1  0  0
 0  0  0  0  0  0  0  0  0  0  4 -4  0  1 -1  0
 0  0  0  0  0  0  0  0  0  0  0  4  0  0  1 -1
 0  0  0  0  0  0  0  0  0  0  0  0 -4 -4  0  0
 0  0  0  0  0  0  0  0  0  0  0  0  0  4 -4  0
 0  0  0  0  0  0  0  0  0  0  0  0  0  0  4 -4
 0  0  0  0  0  0  0  0  0  0  0  0  0  0  0  4

Min scalar = -16
0
Solution 1
0 0 0 1 0 0 0 0 0 0 0 0 0 0 0
Objective function cost: 1

Q matrix:
-5 -5  0  0  1  0  0  0  1  0  0  0  1  0  0  0
 0  5 -5  0  2 -2  0  0  1 -1  0  0  1 -1  0  0
 0  0  5 -5 -1  2 -1  0  1  0 -1  0  0  1 -1  0
 0  0  0  5  0  0  1 -1 -1  1  1 -1  1 -1  1 -1
 0  0  0  0 -5 -5  0  0  1  0  0  0  1  0  0  0
 0  0  0  0  0  5 -5  0  1 -1  0  0  1 -1  0  0
 0  0  0  0  0  0  5 -5  0  2 -2  0  0  1 -1  0
 0  0  0  0  0  0  0  5  0 -1  2 -1  0  1  0 -1
 0  0  0  0  0  0  0  0 -5 -5  0  0  1  0  0  0
 0  0  0  0  0  0  0  0  0  5 -5  0  1 -1  0  0
 0  0  0  0  0  0  0  0  0  0  5 -5  0  1 -1  0
 0  0  0  0  0  0  0  0  0  0  0  5  0  0  2 -2
 0  0  0  0  0  0  0  0  0  0  0  0 -5 -5  0  0
 0  0  0  0  0  0  0  0  0  0  0  0  0  5 -5  0
 0  0  0  0  0  0  0  0  0  0  0  0  0  0  5 -5
 0  0  0  0  0  0  0  0  0  0  0  0  0  0  0  5

Min scalar = -14
0
Solution 2
0 0 0 1 0 0 0 1 0 1 0 0 0 0 0
Objective function cost: 3
