0
1 1 0 0 0 0 0 0 0 0 0 0 0 0 0 
0
1 1 0 0 0 0 0 0 0 0 0 0 0 0 0 
0
1 1 0 0 0 0 0 0 0 0 0 0 0 0 0 
0
2 1 0 0 0 0 0 0 0 0 0 0 0 1 0 
0
1 1 0 0 0 0 0 0 0 0 0 0 0 0 0 
0
1 1 0 0 0 0 0 0 0 0 0 0 0 0 0 
0
2 1 0 0 0 0 0 0 0 0 0 0 0 1 0 
0
1 1 0 0 0 0 0 0 0 0 0 0 0 1 0 
0
2 1 0 0 0 0 0 0 0 0 0 0 0 1 0 
59
1 1 0 0 0 0 0 0 1 0 0 0 1 0 0 
0
2 1 0 0 0 0 0 0 0 0 0 0 0 0 0 
0
1 1 0 0 0 0 0 0 0 0 0 0 0 0 0 
0
1 1 0 0 0 0 0 0 0 0 0 0 0 0 0 
0
1 1 0 0 0 0 0 0 0 0 0 0 1 0 0 
0
1 1 0 0 0 0 0 0 0 0 0 0 0 0 0 
0
1 1 0 0 0 0 0 0 0 0 0 0 0 1 0 
99
2 1 0 0 0 0 0 0 1 0 1 1 0 0 0 
99
1 1 0 0 0 0 0 0 1 0 1 1 1 0 0 
0
1 1 0 0 0 0 0 0 0 0 0 0 0 0 0 
0
1 1 0 0 0 0 0 0 0 0 0 0 0 0 0 
0
1 1 0 0 0 0 0 0 0 0 0 0 0 0 0 
0
1 1 0 0 0 0 0 0 0 0 0 0 0 1 0 
101
1 0 0 0 0 0 0 0 0 0 0 0 0 0 1 
88
2 0 0 0 0 0 0 0 1 0 1 0 1 0 0 
59
1 1 0 0 0 0 0 0 1 0 0 0 0 1 0 
0
2 1 0 0 0 0 0 0 0 0 0 0 1 0 0 
0
1 1 0 0 0 0 0 0 0 0 0 0 0 0 0 
99
1 1 0 0 0 0 0 0 1 0 1 1 1 0 0 
0
2 1 0 0 0 0 0 0 0 0 0 0 1 0 0 
0
2 1 0 0 0 0 0 0 0 0 0 0 1 0 0 
0
1 1 0 0 0 0 0 0 0 0 0 0 0 1 0 
0
2 1 0 0 0 0 0 0 0 0 0 0 0 1 0 
0
1 1 0 0 0 0 0 0 0 0 0 0 0 0 0 
0
2 1 0 0 0 0 0 0 0 0 0 0 1 0 0 
0
1 1 0 0 0 0 0 0 0 0 0 0 0 0 0 
0
2 1 0 0 0 0 0 0 0 0 0 0 0 1 0 
0
2 1 0 0 0 0 0 0 0 0 0 0 0 1 0 
0
1 1 0 0 0 0 0 0 0 0 0 0 0 0 0 
0
1 1 0 0 0 0 0 0 0 0 0 0 0 0 0 
0
2 1 0 0 0 0 0 0 0 0 0 0 0 0 0 
0
1 1 0 0 0 0 0 0 0 0 0 0 0 0 0 
0
1 1 0 0 0 0 0 0 0 0 0 0 0 0 0 
0
2 1 0 0 0 0 0 0 0 0 0 0 0 0 0 
0
1 1 0 0 0 0 0 0 0 0 0 0 0 1 0 
0
2 1 0 0 0 0 0 0 0 0 0 0 0 0 0 
0
2 1 0 0 0 0 0 0 0 0 0 0 0 1 0 
99
1 0 0 1 0 0 0 0 1 0 1 1 0 0 0 
0
1 1 0 0 0 0 0 0 0 0 0 0 0 0 0 
0
2 1 0 0 0 0 0 0 0 0 0 0 0 0 0 
0
1 1 0 0 0 0 0 0 0 0 0 0 0 0 0 
101
3 1 0 0 0 0 0 0 0 0 0 0 1 0 0 
0
1 1 0 0 0 0 0 0 0 0 0 0 0 0 0 
0
1 1 0 0 0 0 0 0 0 0 0 0 1 0 0 
0
1 1 0 0 0 0 0 0 0 0 0 0 0 1 0 
0
2 1 0 0 0 0 0 0 0 0 0 0 0 0 0 
0
2 1 0 0 0 0 0 0 0 0 0 0 0 0 0 
101
3 0 0 0 0 0 0 0 0 0 0 0 0 1 0 
0
2 1 0 0 0 0 0 0 0 0 0 0 0 1 0 
0
1 1 0 0 0 0 0 0 0 0 0 0 0 0 0 
0
1 1 0 0 0 0 0 0 0 0 0 0 0 0 0 
0
1 1 0 0 0 0 0 0 0 0 0 0 0 1 0 
101
1 0 0 0 0 0 0 0 0 0 0 0 0 0 1 
0
2 1 0 0 0 0 0 0 0 0 0 0 0 0 0 
0
1 1 0 0 0 0 0 0 0 0 0 0 0 0 0 
0
2 1 0 0 0 0 0 0 0 0 0 0 1 0 0 
59
1 1 0 0 0 0 0 0 1 0 0 0 0 1 0 
0
1 1 0 0 0 0 0 0 0 0 0 0 0 0 0 
0
1 1 0 0 0 0 0 0 0 0 0 0 1 0 0 
101
1 0 0 0 0 0 0 0 0 0 0 0 0 0 1 
0
2 1 0 0 0 0 0 0 0 0 0 0 0 1 0 
0
1 1 0 0 0 0 0 0 0 0 0 0 0 0 0 
0
1 1 0 0 0 0 0 0 0 0 0 0 0 1 0 
0
1 1 0 0 0 0 0 0 0 0 0 0 0 1 0 
0
2 1 0 0 0 0 0 0 0 0 0 0 0 0 0 
0
1 1 0 0 0 0 0 0 0 0 0 0 0 0 0 
101
1 0 1 0 0 0 0 0 0 0 0 0 0 0 1 
0
2 1 0 0 0 0 0 0 0 0 0 0 0 0 0 
0
1 1 0 0 0 0 0 0 0 0 0 0 0 1 0 
0
2 1 0 0 0 0 0 0 0 0 0 0 0 1 0 
0
2 1 0 0 0 0 0 0 0 0 0 0 1 0 0 
0
1 1 0 0 0 0 0 0 0 0 0 0 1 0 0 
0
1 1 0 0 0 0 0 0 0 0 0 0 1 0 0 
0
1 1 0 0 0 0 0 0 0 0 0 0 0 0 0 
0
1 1 0 0 0 0 0 0 0 0 0 0 0 1 0 
0
2 1 0 0 0 0 0 0 0 0 0 0 1 0 0 
0
1 1 0 0 0 0 0 0 0 0 0 0 0 0 0 
0
2 1 0 0 0 0 0 0 0 0 0 0 1 0 0 
0
1 1 0 0 0 0 0 0 0 0 0 0 0 0 0 
101
3 0 0 0 0 0 0 0 0 0 0 0 1 0 0 
0
2 1 0 0 0 0 0 0 0 0 0 0 0 0 0 
0
2 1 0 0 0 0 0 0 0 0 0 0 1 0 0 
0
1 1 0 0 0 0 0 0 0 0 0 0 0 0 0 
0
2 1 0 0 0 0 0 0 0 0 0 0 0 1 0 
0
2 1 0 0 0 0 0 0 0 0 0 0 0 0 0 
99
2 1 0 0 0 0 0 0 1 0 1 1 0 1 0 
0
2 1 0 0 0 0 0 0 0 0 0 0 0 1 0 
101
3 0 0 0 0 0 0 0 0 0 0 0 0 1 0 
0
1 1 0 0 0 0 0 0 0 0 0 0 0 1 0 
0
1 1 0 0 0 0 0 0 0 0 0 0 0 1 0 
0
1 1 0 0 0 0 0 0 0 0 0 0 0 0 0 
