96
1 0 0 0 0 0 0 1 0 0 0 0 0 0 0 
96
1 0 0 0 0 0 0 0 0 0 1 0 0 0 0 
101
1 0 0 0 0 0 0 0 0 0 0 0 0 0 1 
101
1 0 0 0 0 1 0 0 0 0 0 0 0 1 0 
92
1 0 0 0 0 0 0 0 0 0 0 1 0 0 0 
0
1 1 0 0 0 0 0 0 0 0 0 0 0 0 0 
99
1 0 0 0 1 0 0 0 0 0 0 0 0 0 0 
92
1 0 0 0 0 0 0 0 0 1 0 0 1 0 0 
99
1 0 0 0 1 0 0 0 0 0 0 0 0 1 0 
99
1 0 0 1 0 0 0 0 0 0 0 0 0 0 0 
92
1 0 0 0 0 0 0 0 0 0 0 1 1 0 0 
134
1 0 0 0 0 0 0 0 1 0 0 0 0 0 0 
99
1 0 0 0 1 0 0 0 0 0 0 0 0 0 0 
96
1 0 0 0 0 0 0 0 0 0 1 0 0 0 0 
96
1 0 0 0 0 0 0 1 0 0 0 0 0 0 0 
96
1 0 0 0 0 0 0 1 0 0 0 0 0 0 0 
0
1 1 0 0 0 0 0 0 0 0 0 0 0 0 0 
101
3 0 0 0 0 0 0 0 0 0 0 0 0 0 0 
99
1 0 0 1 0 0 0 0 0 0 0 0 1 0 0 
99
1 0 0 0 1 0 0 0 0 0 0 0 1 0 0 
92
1 0 0 0 0 0 0 0 0 0 0 1 0 0 0 
99
1 0 0 1 0 0 0 0 0 0 0 0 0 0 0 
101
3 0 0 0 0 0 0 0 0 0 0 0 1 0 0 
99
1 0 0 1 0 0 0 0 0 0 0 0 0 0 0 
96
1 0 0 0 0 0 0 0 0 0 1 0 0 0 0 
99
1 0 0 1 0 0 0 0 0 0 0 0 0 0 0 
92
1 0 0 0 0 0 0 0 0 0 0 1 0 0 0 
96
1 0 0 0 0 0 0 0 0 0 1 0 0 0 0 
0
1 1 0 0 0 0 0 0 0 0 0 0 0 0 0 
0
1 1 0 0 0 0 0 0 0 0 0 0 0 0 0 
92
1 0 0 0 0 0 0 0 0 0 0 1 0 0 0 
99
1 0 0 0 1 0 0 0 0 0 0 0 0 0 0 
99
1 0 0 0 0 0 1 0 0 0 0 0 0 0 0 
96
1 0 0 0 0 0 0 1 0 0 0 0 0 0 0 
92
1 0 0 0 0 0 0 0 0 0 0 1 0 0 0 
0
2 1 0 0 0 0 0 0 0 0 0 0 1 0 0 
99
1 0 0 1 0 0 0 0 0 0 0 0 0 0 0 
92
1 0 0 0 0 0 0 0 0 0 0 1 0 1 0 
92
1 0 0 0 0 0 0 0 0 0 0 1 0 0 0 
101
1 0 0 0 0 0 0 0 0 0 0 0 1 0 1 
96
1 0 0 0 0 0 0 1 0 0 0 0 0 0 0 
99
1 0 0 0 1 0 0 0 0 0 0 0 0 0 0 
101
3 0 0 0 0 0 0 0 0 0 0 0 0 0 0 
99
1 0 0 0 1 0 0 0 0 0 0 0 0 0 0 
101
3 0 0 0 0 0 0 0 0 0 0 0 0 1 0 
96
1 0 0 0 0 0 0 0 0 0 1 0 0 0 0 
96
1 0 0 0 0 0 0 0 0 0 1 0 0 0 0 
0
1 1 0 0 0 0 0 0 0 0 0 0 0 0 0 
99
1 0 0 1 0 0 0 0 0 0 0 0 0 0 0 
92
1 0 0 0 0 0 0 0 0 0 0 1 0 0 0 
99
1 0 0 0 0 0 1 0 0 0 0 0 0 0 0 
92
1 0 0 0 0 0 0 0 1 0 0 1 0 1 0 
96
1 0 0 0 0 0 0 1 0 0 0 0 1 0 0 
96
1 0 0 0 0 0 0 0 0 0 1 0 0 0 0 
96
1 0 0 0 0 0 0 1 0 0 0 0 0 1 0 
134
1 0 0 0 0 0 0 0 1 0 0 0 0 1 0 
92
1 0 0 0 0 0 0 0 0 0 0 1 0 0 0 
101
3 0 0 0 0 0 0 0 0 0 0 0 0 0 0 
99
1 0 0 1 0 0 0 0 0 0 0 0 0 0 0 
99
1 0 0 0 0 0 1 0 0 0 0 0 0 0 0 
134
1 0 0 0 0 0 0 0 1 0 0 0 0 0 0 
96
1 0 0 0 0 0 0 0 0 0 1 0 0 0 0 
101
1 0 0 0 0 1 0 0 0 0 0 0 0 0 0 
92
1 0 0 0 0 0 0 0 0 0 0 1 1 0 0 
99
1 0 0 1 0 0 0 0 0 0 0 0 0 0 0 
99
1 0 0 1 0 0 0 0 0 0 0 0 0 0 0 
99
1 0 0 0 0 0 1 0 0 0 0 0 0 0 0 
99
1 0 0 0 1 0 0 0 0 0 0 0 0 0 0 
101
1 0 0 0 0 0 0 0 0 0 0 0 0 0 1 
92
1 0 0 0 0 0 0 0 0 0 0 1 0 0 0 
101
1 0 0 0 0 0 0 0 0 0 0 0 0 0 1 
99
1 0 0 0 1 0 0 0 0 0 0 0 0 0 0 
92
1 0 0 0 0 0 0 0 0 0 0 1 0 0 0 
96
1 0 0 0 0 0 0 1 0 0 0 0 0 0 0 
101
3 0 0 0 0 0 0 0 0 0 0 0 0 0 0 
101
3 0 0 0 0 0 0 0 0 0 0 0 0 0 0 
96
1 0 0 0 0 0 0 1 0 0 0 0 0 0 0 
99
1 0 0 0 1 0 0 0 0 0 0 0 0 0 0 
101
3 0 0 0 0 0 0 0 0 0 0 0 0 0 0 
99
1 0 0 1 0 0 0 0 0 0 0 0 0 0 0 
99
2 0 0 1 0 0 0 0 0 0 0 0 0 1 0 
99
1 0 0 0 0 0 1 0 0 0 0 0 0 0 0 
96
2 0 0 0 0 0 0 0 0 0 1 0 0 0 0 
0
1 1 0 0 0 0 0 0 0 0 0 0 0 0 0 
101
1 0 0 0 0 0 0 0 0 0 0 0 0 0 1 
99
1 0 0 1 0 0 0 0 0 0 0 0 0 0 0 
99
1 0 0 0 1 0 0 0 0 0 0 0 0 0 0 
101
1 0 0 0 0 1 0 0 0 0 0 0 0 1 0 
96
1 0 0 0 0 0 0 0 0 0 1 0 0 0 0 
92
2 0 0 0 0 0 0 0 0 0 0 1 0 0 0 
96
1 0 0 0 0 0 0 0 0 0 1 0 0 0 0 
92
1 0 0 0 0 0 0 0 0 0 0 1 0 0 0 
96
1 0 0 0 0 0 0 0 0 0 1 0 0 1 0 
92
1 0 0 0 0 0 0 0 0 0 0 1 0 0 0 
92
1 0 0 0 0 0 0 0 0 0 0 1 0 0 0 
99
1 0 0 0 1 0 0 0 0 0 0 0 0 0 0 
99
1 0 0 1 0 0 0 0 0 0 0 0 0 0 0 
99
1 0 0 1 0 0 0 0 0 0 0 0 0 0 0 
96
1 0 0 0 0 0 0 0 0 0 1 0 1 0 0 
96
1 0 0 0 0 0 0 1 0 0 0 0 0 0 0 
