0
3 0 0 0 0 0 0 0 0 0 0 0 0 0 1 
101
1 0 0 0 1 0 0 0 1 0 1 0 0 0 0 
0
3 0 0 0 0 0 0 0 0 0 0 0 0 0 1 
0
3 0 0 0 0 0 0 0 0 0 0 0 0 0 1 
99
3 0 0 0 0 0 0 1 0 1 0 0 0 0 1 
0
3 0 0 0 0 0 0 0 0 0 0 0 0 0 1 
101
2 0 0 0 0 0 0 0 0 0 0 0 0 1 1 
0
3 0 0 0 0 0 0 0 0 0 0 0 0 0 1 
101
2 1 0 0 0 0 0 1 0 1 0 0 0 0 0 
98
1 1 0 0 0 0 0 0 0 0 0 0 0 0 0 
97
2 0 0 0 0 0 0 0 1 0 0 0 0 0 0 
0
3 0 0 0 0 0 0 0 0 0 0 0 0 0 1 
0
3 0 0 0 0 0 0 0 0 0 0 0 0 0 1 
101
2 0 0 0 0 0 0 0 0 0 0 0 0 1 1 
97
2 0 0 0 0 0 0 0 1 0 0 0 0 0 0 
0
3 0 0 0 0 0 0 0 0 0 0 0 0 0 1 
0
3 0 0 0 0 0 0 0 0 0 0 0 0 0 1 
0
3 0 0 0 0 0 0 0 0 0 0 0 0 0 1 
0
3 0 0 0 0 0 0 0 0 0 0 0 0 0 1 
0
3 0 0 0 0 0 0 0 0 0 0 0 0 0 1 
0
3 0 0 0 0 0 0 0 0 0 0 0 0 0 1 
0
3 0 0 0 0 0 0 0 0 0 0 0 0 0 1 
0
3 0 0 0 0 0 0 0 0 0 0 0 0 0 1 
62
3 0 0 0 0 0 0 0 1 0 0 0 0 0 1 
0
3 0 0 0 0 0 0 0 0 0 0 0 0 0 1 
0
3 0 0 0 0 0 0 0 0 0 0 0 0 0 1 
0
3 0 0 0 0 0 0 0 0 0 0 0 0 0 1 
0
3 0 0 0 0 0 0 0 0 0 0 0 0 0 1 
0
3 0 0 0 0 0 0 0 0 0 0 0 0 0 1 
101
2 0 0 0 0 0 1 0 0 0 1 1 0 0 0 
0
3 0 0 0 0 0 0 0 0 0 0 0 0 0 1 
99
1 0 0 0 0 0 0 1 0 0 0 0 0 0 0 
0
3 0 0 0 0 0 0 0 0 0 0 0 0 0 1 
0
3 0 0 0 0 0 0 0 0 0 0 0 0 0 1 
0
3 0 0 0 0 0 0 0 0 0 0 0 0 0 1 
0
3 0 0 0 0 0 0 0 0 0 0 0 0 0 1 
0
3 0 0 0 0 0 0 0 0 0 0 0 0 0 1 
99
1 0 1 0 0 0 0 0 1 0 1 0 0 0 0 
0
3 0 0 0 0 0 0 0 0 0 0 0 0 0 1 
99
2 0 0 0 0 0 0 1 0 0 0 0 0 0 0 
0
3 0 0 0 0 0 0 0 0 0 0 0 0 0 1 
101
1 0 0 1 0 0 0 0 0 0 0 0 0 0 0 
99
3 0 0 0 0 0 0 1 0 0 0 0 0 0 1 
101
1 1 0 0 0 0 0 1 0 1 0 0 0 1 1 
0
3 0 0 0 0 0 0 0 0 0 0 0 0 0 1 
0
3 0 0 0 0 0 0 0 0 0 0 0 0 0 1 
0
3 0 0 0 0 0 0 0 0 0 0 0 0 0 1 
96
2 0 0 0 0 0 0 0 1 0 1 1 0 0 0 
0
3 0 0 0 0 0 0 0 0 0 0 0 0 0 1 
0
3 0 0 0 0 0 0 0 0 0 0 0 0 0 1 
0
3 0 0 0 0 0 0 0 0 0 0 0 0 0 1 
0
3 0 0 0 0 0 0 0 0 0 0 0 0 0 1 
0
3 0 0 0 0 0 0 0 0 0 0 0 0 0 1 
0
3 0 0 0 0 0 0 0 0 0 0 0 0 0 1 
98
3 1 0 0 0 0 0 0 1 0 1 1 0 0 1 
103
1 0 0 0 0 0 0 0 0 0 0 1 0 0 0 
99
1 1 0 0 0 0 0 0 1 1 0 0 0 1 0 
0
3 0 0 0 0 0 0 0 0 0 0 0 0 0 1 
0
3 0 0 0 0 0 0 0 0 0 0 0 0 0 1 
99
3 0 1 0 0 0 0 0 0 0 0 0 0 0 1 
0
3 0 0 0 0 0 0 0 0 0 0 0 0 0 1 
0
3 0 0 0 0 0 0 0 0 0 0 0 0 0 1 
0
3 0 0 0 0 0 0 0 0 0 0 0 0 0 1 
0
3 0 0 0 0 0 0 0 0 0 0 0 0 0 1 
0
3 0 0 0 0 0 0 0 0 0 0 0 0 0 1 
0
3 0 0 0 0 0 0 0 0 0 0 0 0 0 1 
0
3 0 0 0 0 0 0 0 0 0 0 0 0 0 1 
0
3 0 0 0 0 0 0 0 0 0 0 0 0 0 1 
0
3 0 0 0 0 0 0 0 0 0 0 0 0 0 1 
0
3 0 0 0 0 0 0 0 0 0 0 0 0 0 1 
0
3 0 0 0 0 0 0 0 0 0 0 0 0 0 1 
0
3 0 0 0 0 0 0 0 0 0 0 0 0 0 1 
0
3 0 0 0 0 0 0 0 0 0 0 0 0 0 1 
0
3 0 0 0 0 0 0 0 0 0 0 0 0 0 1 
101
2 0 0 0 0 1 0 0 1 0 0 1 0 0 0 
0
3 0 0 0 0 0 0 0 0 0 0 0 0 0 1 
0
3 0 0 0 0 0 0 0 0 0 0 0 0 0 1 
0
3 0 0 0 0 0 0 0 0 0 0 0 0 0 1 
99
2 0 0 0 0 0 1 0 1 1 0 0 0 1 0 
97
1 0 0 0 0 0 0 0 1 0 0 0 0 0 0 
0
3 0 0 0 0 0 0 0 0 0 0 0 0 0 1 
0
3 0 0 0 0 0 0 0 0 0 0 0 0 0 1 
99
1 0 1 0 0 0 0 1 0 0 0 1 0 1 0 
0
3 0 0 0 0 0 0 0 0 0 0 0 0 0 1 
101
3 0 0 0 1 0 0 0 0 1 0 0 0 0 1 
103
1 0 0 0 0 0 0 0 0 0 0 1 0 0 0 
0
3 0 0 0 0 0 0 0 0 0 0 0 0 0 1 
96
3 0 0 0 0 0 0 0 1 0 0 1 0 0 1 
0
3 0 0 0 0 0 0 0 0 0 0 0 0 0 1 
101
2 1 0 0 0 0 0 1 0 1 0 0 0 1 1 
0
3 0 0 0 0 0 0 0 0 0 0 0 0 0 1 
81
3 0 0 0 0 0 0 0 1 0 1 0 0 0 1 
98
1 1 0 0 0 0 0 0 0 0 0 0 0 0 0 
97
2 0 0 0 0 0 0 0 1 0 0 0 0 0 0 
99
3 0 0 1 0 0 0 0 1 0 1 0 0 0 1 
0
3 0 0 0 0 0 0 0 0 0 0 0 0 0 1 
96
3 0 0 0 0 0 0 0 1 0 0 1 0 0 1 
0
3 0 0 0 0 0 0 0 0 0 0 0 0 0 1 
0
3 0 0 0 0 0 0 0 0 0 0 0 0 0 1 
0
3 0 0 0 0 0 0 0 0 0 0 0 0 0 1 
