43
2 1 0 0 0 0 0 0 0 0 0 0 0 0 0 
98
1 1 0 0 0 0 0 0 0 0 1 0 1 0 0 
0
2 1 0 0 0 0 0 0 0 0 0 0 1 0 0 
93
2 0 0 0 0 0 0 0 1 0 1 0 1 0 0 
54
1 1 0 0 0 0 0 0 1 0 0 0 0 0 0 
99
2 0 0 0 0 1 0 0 0 1 0 0 1 0 0 
0
1 0 0 0 0 0 0 0 0 0 0 0 1 0 0 
99
1 0 0 0 0 0 0 0 0 0 0 1 1 0 0 
94
2 1 0 0 0 0 0 1 0 1 0 0 1 0 0 
98
1 0 1 0 0 0 0 1 0 0 0 0 1 0 0 
0
2 0 0 0 0 0 0 0 0 0 0 0 1 0 0 
101
2 0 0 1 0 0 0 0 0 0 0 1 0 0 0 
43
1 1 0 0 0 0 0 0 0 0 0 0 0 0 0 
0
1 1 0 0 0 0 0 0 0 0 0 0 1 0 0 
23
2 1 0 0 0 0 0 0 1 0 0 0 1 0 0 
0
1 0 0 0 0 0 0 0 0 0 0 0 1 0 0 
93
1 0 0 0 0 0 0 1 0 1 0 1 1 0 0 
98
1 0 0 0 0 0 0 1 0 0 0 0 1 0 0 
98
2 1 0 0 0 0 0 0 1 0 1 1 1 0 0 
0
1 0 1 0 0 0 0 0 0 0 0 0 1 0 0 
0
2 0 0 0 0 0 0 0 0 0 0 0 1 0 0 
0
1 0 0 0 0 0 0 0 0 0 0 0 1 0 0 
54
2 1 0 0 0 0 0 0 1 0 0 0 0 0 0 
98
1 1 0 0 0 0 0 0 1 0 1 1 1 0 0 
98
1 0 0 0 0 0 0 0 0 0 1 1 1 0 0 
98
1 1 0 0 0 0 0 1 0 0 0 0 1 0 0 
98
1 0 1 0 0 0 0 0 1 0 1 1 1 0 0 
98
2 1 0 0 0 0 0 0 1 0 1 1 0 0 0 
98
1 0 0 0 0 0 0 1 0 0 0 1 1 0 0 
0
1 0 0 0 0 0 0 0 0 0 0 0 1 0 0 
98
2 0 0 0 0 0 0 0 1 0 1 1 1 0 0 
93
1 0 0 0 0 0 0 1 0 1 0 1 1 0 0 
43
1 1 0 0 0 0 0 0 0 0 0 0 0 0 0 
23
1 1 0 0 0 0 0 0 1 0 0 0 1 0 0 
98
2 0 0 0 0 0 0 0 1 0 1 1 1 0 0 
102
1 0 0 0 0 1 0 0 0 0 0 0 0 0 0 
98
1 0 0 0 0 0 0 1 0 0 0 0 1 0 0 
43
1 1 0 0 0 0 0 0 0 0 0 0 0 0 0 
0
2 1 0 0 0 0 0 0 0 0 0 0 1 0 0 
0
1 0 0 0 0 0 0 0 0 0 0 0 1 0 0 
98
1 1 0 0 0 0 0 0 0 0 1 0 1 0 0 
100
1 0 0 0 0 0 1 1 0 0 0 0 0 1 0 
0
1 0 0 0 0 0 0 0 0 0 0 0 1 0 0 
0
1 0 0 0 0 0 0 0 0 0 0 0 1 0 0 
23
2 0 1 0 0 0 0 0 1 0 0 0 1 0 0 
0
1 1 0 0 0 0 0 0 0 0 0 0 1 0 0 
98
2 0 0 0 0 0 0 0 0 0 1 1 1 0 0 
97
1 0 0 0 0 0 0 0 1 0 0 0 0 0 0 
0
1 0 0 0 0 0 0 0 0 0 0 0 1 0 0 
0
1 0 0 0 0 0 0 0 0 0 0 0 1 0 0 
98
2 1 0 0 0 0 0 0 1 0 1 1 0 0 0 
0
1 1 0 0 0 0 0 0 0 0 0 0 1 0 0 
101
1 0 0 0 0 1 0 1 0 0 0 0 0 0 0 
23
1 0 0 0 0 0 0 0 1 0 0 0 1 0 0 
99
2 0 0 0 1 0 0 0 0 0 0 1 1 0 0 
94
2 0 1 0 0 0 0 1 0 1 0 0 1 0 0 
54
1 1 0 0 0 0 0 0 1 0 0 0 0 0 0 
0
1 0 0 0 0 0 0 0 0 0 0 0 1 0 0 
98
2 0 0 0 0 0 0 1 0 0 1 1 1 0 0 
23
2 0 0 0 0 0 0 0 1 0 0 0 1 0 0 
99
1 0 0 0 0 1 0 0 0 1 0 1 1 0 0 
98
2 0 0 0 0 0 0 1 0 0 0 0 1 0 0 
0
1 0 1 0 0 0 0 0 0 0 0 0 1 0 0 
102
1 0 0 0 1 0 0 0 1 0 1 0 0 1 0 
0
1 0 0 0 0 0 0 0 0 0 0 0 1 0 0 
0
1 0 0 0 0 0 0 0 0 0 0 0 1 0 0 
0
1 0 0 0 0 0 0 0 0 0 0 0 1 0 0 
0
1 0 0 0 0 0 0 0 0 0 0 0 1 0 0 
98
1 0 0 0 0 0 0 0 1 0 1 1 1 0 0 
99
1 1 0 0 0 0 0 0 1 0 1 1 0 1 0 
101
2 0 0 0 0 0 0 1 0 0 0 1 0 1 0 
93
2 0 0 0 0 0 0 0 1 0 1 0 1 0 0 
101
2 0 0 0 0 0 1 1 0 0 1 0 0 0 0 
99
1 0 0 0 0 0 0 0 0 0 0 1 1 0 0 
98
2 0 0 0 0 0 0 1 0 0 0 0 1 0 0 
98
1 0 0 0 0 0 0 0 1 0 1 1 1 0 0 
23
1 0 0 0 0 0 0 0 1 0 0 0 1 0 0 
101
1 0 0 0 0 0 0 0 0 0 1 0 0 0 0 
0
1 0 0 0 0 0 0 0 0 0 0 0 1 0 0 
0
1 0 0 0 0 0 0 0 0 0 0 0 1 0 0 
0
2 0 1 0 0 0 0 0 0 0 0 0 1 0 0 
0
2 0 0 0 0 0 0 0 0 0 0 0 1 0 0 
0
1 0 0 0 0 0 0 0 0 0 0 0 1 0 0 
99
1 1 0 0 0 0 0 0 0 0 0 1 0 0 0 
99
1 0 0 0 1 0 0 0 0 1 0 0 1 0 0 
111
1 0 0 0 0 0 0 0 0 1 0 0 0 0 0 
0
1 0 0 0 0 0 0 0 0 0 0 0 1 0 0 
0
1 0 0 0 0 0 0 0 0 0 0 0 1 0 0 
100
1 0 0 0 0 0 1 0 0 0 0 0 0 1 0 
98
1 1 0 0 0 0 0 0 1 0 1 1 1 0 0 
105
2 0 0 0 0 0 0 0 1 0 1 0 0 0 0 
103
1 0 0 1 0 0 0 0 0 0 0 0 0 0 0 
98
1 1 0 0 0 0 0 1 0 0 1 0 1 0 0 
0
1 0 1 0 0 0 0 0 0 0 0 0 1 0 0 
43
1 1 0 0 0 0 0 0 0 0 0 0 0 0 0 
0
1 0 0 0 0 0 0 0 0 0 0 0 1 0 0 
100
1 1 0 0 0 0 0 1 0 0 0 0 0 0 0 
43
2 1 0 0 0 0 0 0 0 0 0 0 0 0 0 
99
2 0 0 0 0 0 0 0 1 1 0 0 1 0 0 
0
2 1 0 0 0 0 0 0 0 0 0 0 1 0 0 
