23
1 0 0 0 0 0 0 0 1 0 0 0 1 0 0 
23
1 0 1 0 0 0 0 0 1 0 0 0 1 0 0 
82
2 1 0 0 0 0 0 0 0 0 0 0 0 1 0 
98
2 0 0 0 0 0 0 0 1 0 1 1 1 0 0 
0
1 1 0 0 0 0 0 0 0 0 0 0 1 0 0 
0
2 1 0 0 0 0 0 0 0 0 0 0 1 0 0 
0
1 0 0 0 0 0 0 0 0 0 0 0 1 0 0 
0
1 0 0 0 0 0 0 0 0 0 0 0 1 0 0 
43
1 1 0 0 0 0 0 0 0 0 0 0 0 0 0 
99
2 0 0 0 0 0 1 0 0 0 0 1 0 0 0 
23
2 0 0 0 0 0 0 0 1 0 0 0 1 0 0 
0
2 0 0 0 0 0 0 0 0 0 0 0 1 0 0 
99
1 0 0 0 0 0 0 0 0 0 0 1 1 0 0 
0
1 0 0 0 0 0 0 0 0 0 0 0 1 0 0 
23
1 0 0 0 0 0 0 0 1 0 0 0 1 0 0 
98
1 1 0 0 0 0 0 1 0 0 0 0 1 0 0 
99
1 0 0 0 0 0 0 0 0 0 0 1 1 0 0 
23
1 0 1 0 0 0 0 0 1 0 0 0 1 0 0 
23
1 1 0 0 0 0 0 0 1 0 0 0 1 0 0 
23
1 0 0 0 0 0 0 0 1 0 0 0 1 0 0 
23
1 0 0 0 0 0 0 0 1 0 0 0 1 0 0 
0
2 0 1 0 0 0 0 0 0 0 0 0 1 0 0 
100
1 1 0 0 0 0 0 0 0 0 1 1 0 0 0 
0
1 1 0 0 0 0 0 0 0 0 0 0 1 0 0 
0
1 0 0 0 0 0 0 0 0 0 0 0 1 0 0 
0
1 1 0 0 0 0 0 0 0 0 0 0 1 0 0 
0
1 0 0 0 0 0 0 0 0 0 0 0 1 0 0 
0
1 1 0 0 0 0 0 0 0 0 0 0 1 0 0 
0
1 1 0 0 0 0 0 0 0 0 0 0 1 0 0 
98
2 1 0 0 0 0 0 0 1 0 1 1 1 0 0 
98
1 1 0 0 0 0 0 0 1 0 1 1 1 0 0 
0
1 0 1 0 0 0 0 0 0 0 0 0 1 0 0 
98
2 0 1 0 0 0 0 0 1 0 1 1 1 0 0 
43
1 1 0 0 0 0 0 0 0 0 0 0 0 0 0 
98
1 0 0 0 0 0 0 0 1 0 1 1 1 0 0 
99
2 0 0 0 0 0 1 1 0 1 0 0 1 0 0 
0
1 1 0 0 0 0 0 0 0 0 0 0 1 0 0 
0
1 1 0 0 0 0 0 0 0 0 0 0 1 0 0 
0
2 0 0 0 0 0 0 0 0 0 0 0 1 0 0 
102
1 0 0 0 0 0 0 0 0 0 1 1 0 0 0 
0
1 0 0 0 0 0 0 0 0 0 0 0 1 0 0 
0
2 1 0 0 0 0 0 0 0 0 0 0 1 0 0 
0
2 0 0 0 0 0 0 0 0 0 0 0 1 0 0 
43
2 1 0 0 0 0 0 0 0 0 0 0 0 0 0 
23
2 0 0 0 0 0 0 0 1 0 0 0 1 0 0 
43
1 1 0 0 0 0 0 0 0 0 0 0 0 0 0 
0
1 0 0 0 0 0 0 0 0 0 0 0 1 0 0 
98
1 1 0 0 0 0 0 0 1 0 1 1 1 0 0 
0
2 0 1 0 0 0 0 0 0 0 0 0 1 0 0 
0
1 0 0 0 0 0 0 0 0 0 0 0 1 0 0 
98
1 0 1 0 0 0 0 1 0 0 0 0 1 0 0 
98
1 0 0 0 0 0 0 0 1 0 1 1 1 0 0 
0
1 0 0 0 0 0 0 0 0 0 0 0 1 0 0 
43
1 1 0 0 0 0 0 0 0 0 0 0 0 0 0 
0
1 0 1 0 0 0 0 0 0 0 0 0 1 0 0 
0
1 1 0 0 0 0 0 0 0 0 0 0 1 0 0 
98
1 1 0 0 0 0 0 1 0 0 0 0 1 0 0 
98
1 0 0 0 0 0 0 0 1 0 1 1 1 0 0 
0
1 0 0 0 0 0 0 0 0 0 0 0 1 0 0 
98
1 1 0 0 0 0 0 0 1 0 1 1 1 0 0 
98
2 0 1 0 0 0 0 0 1 0 1 1 1 0 0 
23
1 1 0 0 0 0 0 0 1 0 0 0 1 0 0 
0
1 0 0 0 0 0 0 0 0 0 0 0 1 0 0 
98
2 0 0 0 0 0 0 1 0 0 0 0 1 0 0 
0
1 0 0 0 0 0 0 0 0 0 0 0 1 0 0 
0
1 0 0 0 0 0 0 0 0 0 0 0 1 0 0 
0
1 0 0 0 0 0 0 0 0 0 0 0 1 0 0 
0
1 0 0 0 0 0 0 0 0 0 0 0 1 0 0 
0
1 0 0 0 0 0 0 0 0 0 0 0 1 0 0 
0
2 1 0 0 0 0 0 0 0 0 0 0 1 0 0 
98
1 0 0 0 0 0 0 0 1 0 1 1 1 0 0 
23
2 1 0 0 0 0 0 0 1 0 0 0 1 0 0 
43
2 1 0 0 0 0 0 0 0 0 0 0 0 0 0 
43
1 1 0 0 0 0 0 0 0 0 0 0 0 0 0 
0
2 0 0 0 0 0 0 0 0 0 0 0 1 0 0 
0
1 0 0 0 0 0 0 0 0 0 0 0 1 0 0 
0
1 1 0 0 0 0 0 0 0 0 0 0 1 0 0 
0
2 1 0 0 0 0 0 0 0 0 0 0 1 0 0 
0
1 1 0 0 0 0 0 0 0 0 0 0 1 0 0 
0
1 0 0 0 0 0 0 0 0 0 0 0 1 0 0 
0
1 0 0 0 0 0 0 0 0 0 0 0 1 0 0 
0
1 0 0 0 0 0 0 0 0 0 0 0 1 0 0 
94
2 0 0 0 0 0 0 1 0 1 0 0 1 0 0 
0
2 0 1 0 0 0 0 0 0 0 0 0 1 0 0 
0
1 1 0 0 0 0 0 0 0 0 0 0 1 0 0 
0
1 1 0 0 0 0 0 0 0 0 0 0 1 0 0 
0
2 1 0 0 0 0 0 0 0 0 0 0 1 0 0 
23
1 1 0 0 0 0 0 0 1 0 0 0 1 0 0 
0
2 0 0 0 0 0 0 0 0 0 0 0 1 0 0 
0
1 0 0 0 0 0 0 0 0 0 0 0 1 0 0 
0
2 0 0 0 0 0 0 0 0 0 0 0 1 0 0 
0
1 0 0 0 0 0 0 0 0 0 0 0 1 0 0 
0
1 0 0 0 0 0 0 0 0 0 0 0 1 0 0 
0
1 0 0 0 0 0 0 0 0 0 0 0 1 0 0 
0
1 1 0 0 0 0 0 0 0 0 0 0 1 0 0 
98
1 0 0 0 0 0 0 0 1 0 1 1 1 0 0 
0
1 1 0 0 0 0 0 0 0 0 0 0 1 0 0 
0
1 0 0 0 0 0 0 0 0 0 0 0 1 0 0 
0
1 0 0 0 0 0 0 0 0 0 0 0 1 0 0 
0
1 1 0 0 0 0 0 0 0 0 0 0 1 0 0 
