14.4407
3.11681
9.75622
22.0836
17.9397
8.61034
5.51545
7.87362
7.65255
6.99818
8.17578
10.2001
10.642
19.1673
3.56402
6.80614
11.6213
13.8899
2.57793
3.47273
2.44663
6.43745
2.9954
11.0071
8.43234
7.37295
1.19824
26.1153
13.9386
23.977
17.2736
7.36287
5.61045
17.0147
0.544616
2.79592
3.41761
45.0345
5.58139
14.0838
2.1197
8.18756
1.78458
2.0018
6.32253
8.1996
9.47773
11.0891
10.8382
1.62632
46.5362
10.0168
97.107
34.9856
56.2969
12.8012
4.99923
20.8847
69.2576
16.2074
26.6579
46.8911
24.3246
38.3452
3.28203
5.75439
2.13646
53.9279
25.8763
6.92902
22.1688
6.78087
149.236
52.7295
9.66079
14.6548
30.6105
7.07696
31.6114
68.5873
24.2061
6.9851
15.8464
55.6249
28.346
56.1702
93.5975
56.4515
24.1765
58.1762
59.7562
24.9003
45.3679
93.4864
2.20013
3.37967
60.6783
122.592
5.47627
59.0901
