204.909
61.6666
23.6415
62.2656
94.4757
107.941
29.8442
9.84006
84.3033
122.818
22.6328
93.012
49.2718
137.413
147.326
16.0725
190.995
49.7242
25.347
10.8607
9.41651
36.1378
24.7635
3.88325
21.2117
72.2522
118.031
4.62495
99.8102
84.2997
44.6586
31.8552
201.562
24.4033
122.843
48.0322
13.0578
104.221
61.0093
57.9266
67.642
23.0072
48.3165
85.5521
114.582
255.082
54.4989
7.87922
30.6605
243.703
112.305
32.9462
165.122
79.7852
30.8966
241.426
103.933
317.655
24.8974
27.0633
109.858
167.067
53.6524
233.804
56.5456
76.9853
25.6235
199.21
7.62371
24.3784
187.174
462.948
34.1458
189.277
152.77
45.9143
307.07
177.621
38.6276
147.804
24.3533
170.921
45.9593
118.076
8.92613
61.311
24.4937
14.8103
15.6167
169.977
215.323
127.257
20.5344
47.6953
132.579
109.766
12.5791
131.41
66.1702
60.6658
