22.1537
27.0833
17.7447
72.9245
3.44852
51.173
55.3456
113.745
3.68359
12.9151
10.0571
132.006
21.9581
138.3
6.05321
164.73
8.5954
103.05
40.2118
47.6696
62.0214
21.218
46.4559
30.6414
61.604
91.4882
48.7259
34.4848
19.6391
246.919
93.8833
53.0762
16.3895
122.952
352.55
88.4586
15.2026
51.7779
73.4604
32.1474
92.3045
5.80609
14.0719
32.4727
76.3472
25.1971
52.0049
50.3821
16.9186
2.68041
48.2686
156.16
60.2614
73.0163
70.5155
47.9792
7.27548
23.2754
83.5284
41.2517
255.16
54.8105
330.143
85.6085
121.107
27.8511
46.8213
346.266
77.2852
123.061
39.0308
157.685
293.248
27.4713
36.2523
50.1901
537.997
89.3301
189.588
46.2392
98.2011
24.2563
4.83159
71.8877
163.035
64.2498
270.228
53.3919
104.8
8.16882
4.52683
59.6852
448.345
16.3307
53.7745
69.5649
942.14
68.8665
478.766
130.491
