89.4008
15.6806
123.428
600.279
186.86
247.159
764.771
327.663
378.156
145.296
297.581
1220.91
799.036
14.8074
1470
365.294
69.0928
375.55
52.7382
184.487
356.844
64.5299
96.3144
426.551
694.472
580.523
406.214
202.238
46.5949
85.4088
264.795
1100.04
281.347
500.573
10.3383
10.269
504.414
322.077
634.435
1664.88
452.02
336.392
208.511
270.058
1041.83
402.515
93.0332
177.986
107.329
456.775
83.9787
526.481
175.982
1671.34
2586.49
921.739
235.58
30.7695
636.758
874.626
20.4487
1468.6
65.1184
454.448
1423.66
64.3515
45.0912
1119.71
1145.07
186.887
1003.58
35.0583
32.4664
267.201
862.274
222.984
1437.75
418.713
15.81
865.526
446.61
216.522
1067.73
240.095
34.4136
1904.95
524.748
1163.23
1447.65
486.066
1263.12
845.393
1697.17
748.294
95.6137
364.537
444.119
73.3735
650.004
1261.67
