3.59411
260.908
177.689
95.5069
166.741
242.713
179.962
2.07499
122.277
84.5834
227.446
63.3919
80.2532
9.02197
160.885
69.9307
65.7102
7.80281
173.163
150.1
66.6218
60.4583
100.033
197.925
112.786
1.97675
22.0986
68.1623
8.05052
19.4109
28.9857
72.2379
360.054
114.44
22.7982
225.782
81.5107
46.1139
68.6652
50.7035
113.87
81.736
318.457
267.409
142.625
64.0344
200.112
190.693
208.69
185.907
581.51
159.097
7.13927
446.975
224.79
208.878
28.8554
228.444
295.878
321.82
307.446
121.016
63.1014
165.365
89.0213
191.708
587.235
15.089
48.5183
83.875
132.829
99.091
336.21
32.3213
229.773
27.8635
21.6747
21.9905
3.87807
230.951
352.176
163.799
409.229
331.602
18.9341
154.239
656.787
490.802
17.338
2.73144
206.296
221.209
317.224
104.843
51.9299
592.76
36.8119
133.118
30.5682
6.77815
