14.6183
8.83351
16.9719
17.6681
79.7662
9.96259
76.7863
61.6418
53.245
5.41148
84.3848
14.8373
88.6675
22.6883
29.0654
62.6713
101.583
27.9691
35.5238
207.545
36.022
92.0133
14.4095
141.792
243.868
3.87496
24.9076
21.1553
76.6648
7.12558
91.8782
54.0367
78.385
0.454415
76.6819
9.60303
7.94253
43.0004
127.043
146.79
123.78
108.599
117.23
158.795
27.0632
232.002
106.144
5.04437
56.3712
41.7869
19.3082
6.61721
231.685
305.552
175.324
202.95
55.5649
366.354
113.932
10.9732
267.171
130.53
19.7601
51.3492
248.375
25.2307
545.611
237.919
9.38478
6.06635
103.624
66.0493
375.206
317.947
10.4841
89.4458
73.1692
58.8486
91.7738
20.7112
219.331
66.1029
98.7185
14.3726
31.8282
7.48669
12.9416
33.0165
107.283
61.4729
100.373
18.3187
94.5299
138.821
46.6467
10.7551
21.3618
118.387
151.889
274.9
