
Constraints satisfied: true
Unary encoding
Best objective function cost: 1

Q matrix:
-7 -7  0  0  1 -1  0  0  1 -1  0  0  1 -1  0  0
 0  7 -7  0 -1  2 -1  0 -1  2 -1  0 -1  2 -1  0
 0  0  7 -7  0 -1  2 -1  0 -1  2 -1  0 -1  2 -1
 0  0  0  7  0  0 -1  2  0  0 -1  2  0  0 -1  2
 0  0  0  0 -7 -7  0  0  1 -1  0  0  1 -1  0  0
 0  0  0  0  0  7 -7  0 -1  2 -1  0 -1  2 -1  0
 0  0  0  0  0  0  7 -7  0 -1  2 -1  0 -1  2 -1
 0  0  0  0  0  0  0  7  0  0 -1  2  0  0 -1  2
 0  0  0  0  0  0  0  0 -7 -7  0  0  1 -1  0  0
 0  0  0  0  0  0  0  0  0  7 -7  0 -1  2 -1  0
 0  0  0  0  0  0  0  0  0  0  7 -7  0 -1  2 -1
 0  0  0  0  0  0  0  0  0  0  0  7  0  0 -1  2
 0  0  0  0  0  0  0  0  0  0  0  0 -7 -7  0  0
 0  0  0  0  0  0  0  0  0  0  0  0  0  7 -7  0
 0  0  0  0  0  0  0  0  0  0  0  0  0  0  7 -7
 0  0  0  0  0  0  0  0  0  0  0  0  0  0  0  7

Min scalar = -28
0
Solution 1
0 1 0 0 0 0 0 0 0 0 0 0 0 0 0 