
Constraints satisfied: true
Unary encoding
Best objective function cost: 1

Q matrix:
-23 -23   0   0   0   0   0   0   0   0   0   0   1  -1   0   0   0   0   0   0   0   0   0   0   1  -1   0   0   0   0   0   0   0   0   0   0   1  -1   0   0   0   0   0   0   0   0   0   0   1  -1   0   0   0   0   0   0   0   0   0   0   1  -1   0   0   0   0   0   0   0   0   0   0   1  -1   0   0   0   0   0   0   0   0   0   0   1  -1   0   0   0   0   0   0   0   0   0   0   1  -1   0   0   0   0   0   0   0   0   0   0   1  -1   0   0   0   0   0   0   0   0   0   0   1  -1   0   0   0   0   0   0   0   0   0   0   1  -1   0   0   0   0   0   0   0   0   0   0
  0  23 -23   0   0   0   0   0   0   0   0   0  -1   2  -1   0   0   0   0   0   0   0   0   0  -1   2  -1   0   0   0   0   0   0   0   0   0  -1   2  -1   0   0   0   0   0   0   0   0   0  -1   2  -1   0   0   0   0   0   0   0   0   0  -1   2  -1   0   0   0   0   0   0   0   0   0  -1   2  -1   0   0   0   0   0   0   0   0   0  -1   2  -1   0   0   0   0   0   0   0   0   0  -1   2  -1   0   0   0   0   0   0   0   0   0  -1   2  -1   0   0   0   0   0   0   0   0   0  -1   2  -1   0   0   0   0   0   0   0   0   0  -1   2  -1   0   0   0   0   0   0   0   0   0
  0   0  23 -23   0   0   0   0   0   0   0   0   0  -1   2  -1   0   0   0   0   0   0   0   0   0  -1   2  -1   0   0   0   0   0   0   0   0   0  -1   2  -1   0   0   0   0   0   0   0   0   0  -1   2  -1   0   0   0   0   0   0   0   0   0  -1   2  -1   0   0   0   0   0   0   0   0   0  -1   2  -1   0   0   0   0   0   0   0   0   0  -1   2  -1   0   0   0   0   0   0   0   0   0  -1   2  -1   0   0   0   0   0   0   0   0   0  -1   2  -1   0   0   0   0   0   0   0   0   0  -1   2  -1   0   0   0   0   0   0   0   0   0  -1   2  -1   0   0   0   0   0   0   0   0
  0   0   0  23 -23   0   0   0   0   0   0   0   0   0  -1   2  -1   0   0   0   0   0   0   0   0   0  -1   2  -1   0   0   0   0   0   0   0   0   0  -1   2  -1   0   0   0   0   0   0   0   0   0  -1   2  -1   0   0   0   0   0   0   0   0   0  -1   2  -1   0   0   0   0   0   0   0   0   0  -1   2  -1   0   0   0   0   0   0   0   0   0  -1   2  -1   0   0   0   0   0   0   0   0   0  -1   2  -1   0   0   0   0   0   0   0   0   0  -1   2  -1   0   0   0   0   0   0   0   0   0  -1   2  -1   0   0   0   0   0   0   0   0   0  -1   2  -1   0   0   0   0   0   0   0
  0   0   0   0  23 -23   0   0   0   0   0   0   0   0   0  -1   2  -1   0   0   0   0   0   0   0   0   0  -1   2  -1   0   0   0   0   0   0   0   0   0  -1   2  -1   0   0   0   0   0   0   0   0   0  -1   2  -1   0   0   0   0   0   0   0   0   0  -1   2  -1   0   0   0   0   0   0   0   0   0  -1   2  -1   0   0   0   0   0   0   0   0   0  -1   2  -1   0   0   0   0   0   0   0   0   0  -1   2  -1   0   0   0   0   0   0   0   0   0  -1   2  -1   0   0   0   0   0   0   0   0   0  -1   2  -1   0   0   0   0   0   0   0   0   0  -1   2  -1   0   0   0   0   0   0
  0   0   0   0   0  23 -23   0   0   0   0   0   0   0   0   0  -1   2  -1   0   0   0   0   0   0   0   0   0  -1   2  -1   0   0   0   0   0   0   0   0   0  -1   2  -1   0   0   0   0   0   0   0   0   0  -1   2  -1   0   0   0   0   0   0   0   0   0  -1   2  -1   0   0   0   0   0   0   0   0   0  -1   2  -1   0   0   0   0   0   0   0   0   0  -1   2  -1   0   0   0   0   0   0   0   0   0  -1   2  -1   0   0   0   0   0   0   0   0   0  -1   2  -1   0   0   0   0   0   0   0   0   0  -1   2  -1   0   0   0   0   0   0   0   0   0  -1   2  -1   0   0   0   0   0
  0   0   0   0   0   0  23 -23   0   0   0   0   0   0   0   0   0  -1   2  -1   0   0   0   0   0   0   0   0   0  -1   2  -1   0   0   0   0   0   0   0   0   0  -1   2  -1   0   0   0   0   0   0   0   0   0  -1   2  -1   0   0   0   0   0   0   0   0   0  -1   2  -1   0   0   0   0   0   0   0   0   0  -1   2  -1   0   0   0   0   0   0   0   0   0  -1   2  -1   0   0   0   0   0   0   0   0   0  -1   2  -1   0   0   0   0   0   0   0   0   0  -1   2  -1   0   0   0   0   0   0   0   0   0  -1   2  -1   0   0   0   0   0   0   0   0   0  -1   2  -1   0   0   0   0
  0   0   0   0   0   0   0  23 -23   0   0   0   0   0   0   0   0   0  -1   2  -1   0   0   0   0   0   0   0   0   0  -1   2  -1   0   0   0   0   0   0   0   0   0  -1   2  -1   0   0   0   0   0   0   0   0   0  -1   2  -1   0   0   0   0   0   0   0   0   0  -1   2  -1   0   0   0   0   0   0   0   0   0  -1   2  -1   0   0   0   0   0   0   0   0   0  -1   2  -1   0   0   0   0   0   0   0   0   0  -1   2  -1   0   0   0   0   0   0   0   0   0  -1   2  -1   0   0   0   0   0   0   0   0   0  -1   2  -1   0   0   0   0   0   0   0   0   0  -1   2  -1   0   0   0
  0   0   0   0   0   0   0   0  23 -23   0   0   0   0   0   0   0   0   0  -1   2  -1   0   0   0   0   0   0   0   0   0  -1   2  -1   0   0   0   0   0   0   0   0   0  -1   2  -1   0   0   0   0   0   0   0   0   0  -1   2  -1   0   0   0   0   0   0   0   0   0  -1   2  -1   0   0   0   0   0   0   0   0   0  -1   2  -1   0   0   0   0   0   0   0   0   0  -1   2  -1   0   0   0   0   0   0   0   0   0  -1   2  -1   0   0   0   0   0   0   0   0   0  -1   2  -1   0   0   0   0   0   0   0   0   0  -1   2  -1   0   0   0   0   0   0   0   0   0  -1   2  -1   0   0
  0   0   0   0   0   0   0   0   0  23 -23   0   0   0   0   0   0   0   0   0  -1   2  -1   0   0   0   0   0   0   0   0   0  -1   2  -1   0   0   0   0   0   0   0   0   0  -1   2  -1   0   0   0   0   0   0   0   0   0  -1   2  -1   0   0   0   0   0   0   0   0   0  -1   2  -1   0   0   0   0   0   0   0   0   0  -1   2  -1   0   0   0   0   0   0   0   0   0  -1   2  -1   0   0   0   0   0   0   0   0   0  -1   2  -1   0   0   0   0   0   0   0   0   0  -1   2  -1   0   0   0   0   0   0   0   0   0  -1   2  -1   0   0   0   0   0   0   0   0   0  -1   2  -1   0
  0   0   0   0   0   0   0   0   0   0  23 -23   0   0   0   0   0   0   0   0   0  -1   2  -1   0   0   0   0   0   0   0   0   0  -1   2  -1   0   0   0   0   0   0   0   0   0  -1   2  -1   0   0   0   0   0   0   0   0   0  -1   2  -1   0   0   0   0   0   0   0   0   0  -1   2  -1   0   0   0   0   0   0   0   0   0  -1   2  -1   0   0   0   0   0   0   0   0   0  -1   2  -1   0   0   0   0   0   0   0   0   0  -1   2  -1   0   0   0   0   0   0   0   0   0  -1   2  -1   0   0   0   0   0   0   0   0   0  -1   2  -1   0   0   0   0   0   0   0   0   0  -1   2  -1
  0   0   0   0   0   0   0   0   0   0   0  23   0   0   0   0   0   0   0   0   0   0  -1   2   0   0   0   0   0   0   0   0   0   0  -1   2   0   0   0   0   0   0   0   0   0   0  -1   2   0   0   0   0   0   0   0   0   0   0  -1   2   0   0   0   0   0   0   0   0   0   0  -1   2   0   0   0   0   0   0   0   0   0   0  -1   2   0   0   0   0   0   0   0   0   0   0  -1   2   0   0   0   0   0   0   0   0   0   0  -1   2   0   0   0   0   0   0   0   0   0   0  -1   2   0   0   0   0   0   0   0   0   0   0  -1   2   0   0   0   0   0   0   0   0   0   0  -1   2
  0   0   0   0   0   0   0   0   0   0   0   0 -23 -23   0   0   0   0   0   0   0   0   0   0   1  -1   0   0   0   0   0   0   0   0   0   0   1  -1   0   0   0   0   0   0   0   0   0   0   1  -1   0   0   0   0   0   0   0   0   0   0   1  -1   0   0   0   0   0   0   0   0   0   0   1  -1   0   0   0   0   0   0   0   0   0   0   1  -1   0   0   0   0   0   0   0   0   0   0   1  -1   0   0   0   0   0   0   0   0   0   0   1  -1   0   0   0   0   0   0   0   0   0   0   1  -1   0   0   0   0   0   0   0   0   0   0   1  -1   0   0   0   0   0   0   0   0   0   0
  0   0   0   0   0   0   0   0   0   0   0   0   0  23 -23   0   0   0   0   0   0   0   0   0  -1   2  -1   0   0   0   0   0   0   0   0   0  -1   2  -1   0   0   0   0   0   0   0   0   0  -1   2  -1   0   0   0   0   0   0   0   0   0  -1   2  -1   0   0   0   0   0   0   0   0   0  -1   2  -1   0   0   0   0   0   0   0   0   0  -1   2  -1   0   0   0   0   0   0   0   0   0  -1   2  -1   0   0   0   0   0   0   0   0   0  -1   2  -1   0   0   0   0   0   0   0   0   0  -1   2  -1   0   0   0   0   0   0   0   0   0  -1   2  -1   0   0   0   0   0   0   0   0   0
  0   0   0   0   0   0   0   0   0   0   0   0   0   0  23 -23   0   0   0   0   0   0   0   0   0  -1   2  -1   0   0   0   0   0   0   0   0   0  -1   2  -1   0   0   0   0   0   0   0   0   0  -1   2  -1   0   0   0   0   0   0   0   0   0  -1   2  -1   0   0   0   0   0   0   0   0   0  -1   2  -1   0   0   0   0   0   0   0   0   0  -1   2  -1   0   0   0   0   0   0   0   0   0  -1   2  -1   0   0   0   0   0   0   0   0   0  -1   2  -1   0   0   0   0   0   0   0   0   0  -1   2  -1   0   0   0   0   0   0   0   0   0  -1   2  -1   0   0   0   0   0   0   0   0
  0   0   0   0   0   0   0   0   0   0   0   0   0   0   0  23 -23   0   0   0   0   0   0   0   0   0  -1   2  -1   0   0   0   0   0   0   0   0   0  -1   2  -1   0   0   0   0   0   0   0   0   0  -1   2  -1   0   0   0   0   0   0   0   0   0  -1   2  -1   0   0   0   0   0   0   0   0   0  -1   2  -1   0   0   0   0   0   0   0   0   0  -1   2  -1   0   0   0   0   0   0   0   0   0  -1   2  -1   0   0   0   0   0   0   0   0   0  -1   2  -1   0   0   0   0   0   0   0   0   0  -1   2  -1   0   0   0   0   0   0   0   0   0  -1   2  -1   0   0   0   0   0   0   0
  0   0   0   0   0   0   0   0   0   0   0   0   0   0   0   0  23 -23   0   0   0   0   0   0   0   0   0  -1   2  -1   0   0   0   0   0   0   0   0   0  -1   2  -1   0   0   0   0   0   0   0   0   0  -1   2  -1   0   0   0   0   0   0   0   0   0  -1   2  -1   0   0   0   0   0   0   0   0   0  -1   2  -1   0   0   0   0   0   0   0   0   0  -1   2  -1   0   0   0   0   0   0   0   0   0  -1   2  -1   0   0   0   0   0   0   0   0   0  -1   2  -1   0   0   0   0   0   0   0   0   0  -1   2  -1   0   0   0   0   0   0   0   0   0  -1   2  -1   0   0   0   0   0   0
  0   0   0   0   0   0   0   0   0   0   0   0   0   0   0   0   0  23 -23   0   0   0   0   0   0   0   0   0  -1   2  -1   0   0   0   0   0   0   0   0   0  -1   2  -1   0   0   0   0   0   0   0   0   0  -1   2  -1   0   0   0   0   0   0   0   0   0  -1   2  -1   0   0   0   0   0   0   0   0   0  -1   2  -1   0   0   0   0   0   0   0   0   0  -1   2  -1   0   0   0   0   0   0   0   0   0  -1   2  -1   0   0   0   0   0   0   0   0   0  -1   2  -1   0   0   0   0   0   0   0   0   0  -1   2  -1   0   0   0   0   0   0   0   0   0  -1   2  -1   0   0   0   0   0
  0   0   0   0   0   0   0   0   0   0   0   0   0   0   0   0   0   0  23 -23   0   0   0   0   0   0   0   0   0  -1   2  -1   0   0   0   0   0   0   0   0   0  -1   2  -1   0   0   0   0   0   0   0   0   0  -1   2  -1   0   0   0   0   0   0   0   0   0  -1   2  -1   0   0   0   0   0   0   0   0   0  -1   2  -1   0   0   0   0   0   0   0   0   0  -1   2  -1   0   0   0   0   0   0   0   0   0  -1   2  -1   0   0   0   0   0   0   0   0   0  -1   2  -1   0   0   0   0   0   0   0   0   0  -1   2  -1   0   0   0   0   0   0   0   0   0  -1   2  -1   0   0   0   0
  0   0   0   0   0   0   0   0   0   0   0   0   0   0   0   0   0   0   0  23 -23   0   0   0   0   0   0   0   0   0  -1   2  -1   0   0   0   0   0   0   0   0   0  -1   2  -1   0   0   0   0   0   0   0   0   0  -1   2  -1   0   0   0   0   0   0   0   0   0  -1   2  -1   0   0   0   0   0   0   0   0   0  -1   2  -1   0   0   0   0   0   0   0   0   0  -1   2  -1   0   0   0   0   0   0   0   0   0  -1   2  -1   0   0   0   0   0   0   0   0   0  -1   2  -1   0   0   0   0   0   0   0   0   0  -1   2  -1   0   0   0   0   0   0   0   0   0  -1   2  -1   0   0   0
  0   0   0   0   0   0   0   0   0   0   0   0   0   0   0   0   0   0   0   0  23 -23   0   0   0   0   0   0   0   0   0  -1   2  -1   0   0   0   0   0   0   0   0   0  -1   2  -1   0   0   0   0   0   0   0   0   0  -1   2  -1   0   0   0   0   0   0   0   0   0  -1   2  -1   0   0   0   0   0   0   0   0   0  -1   2  -1   0   0   0   0   0   0   0   0   0  -1   2  -1   0   0   0   0   0   0   0   0   0  -1   2  -1   0   0   0   0   0   0   0   0   0  -1   2  -1   0   0   0   0   0   0   0   0   0  -1   2  -1   0   0   0   0   0   0   0   0   0  -1   2  -1   0   0
  0   0   0   0   0   0   0   0   0   0   0   0   0   0   0   0   0   0   0   0   0  23 -23   0   0   0   0   0   0   0   0   0  -1   2  -1   0   0   0   0   0   0   0   0   0  -1   2  -1   0   0   0   0   0   0   0   0   0  -1   2  -1   0   0   0   0   0   0   0   0   0  -1   2  -1   0   0   0   0   0   0   0   0   0  -1   2  -1   0   0   0   0   0   0   0   0   0  -1   2  -1   0   0   0   0   0   0   0   0   0  -1   2  -1   0   0   0   0   0   0   0   0   0  -1   2  -1   0   0   0   0   0   0   0   0   0  -1   2  -1   0   0   0   0   0   0   0   0   0  -1   2  -1   0
  0   0   0   0   0   0   0   0   0   0   0   0   0   0   0   0   0   0   0   0   0   0  23 -23   0   0   0   0   0   0   0   0   0  -1   2  -1   0   0   0   0   0   0   0   0   0  -1   2  -1   0   0   0   0   0   0   0   0   0  -1   2  -1   0   0   0   0   0   0   0   0   0  -1   2  -1   0   0   0   0   0   0   0   0   0  -1   2  -1   0   0   0   0   0   0   0   0   0  -1   2  -1   0   0   0   0   0   0   0   0   0  -1   2  -1   0   0   0   0   0   0   0   0   0  -1   2  -1   0   0   0   0   0   0   0   0   0  -1   2  -1   0   0   0   0   0   0   0   0   0  -1   2  -1
  0   0   0   0   0   0   0   0   0   0   0   0   0   0   0   0   0   0   0   0   0   0   0  23   0   0   0   0   0   0   0   0   0   0  -1   2   0   0   0   0   0   0   0   0   0   0  -1   2   0   0   0   0   0   0   0   0   0   0  -1   2   0   0   0   0   0   0   0   0   0   0  -1   2   0   0   0   0   0   0   0   0   0   0  -1   2   0   0   0   0   0   0   0   0   0   0  -1   2   0   0   0   0   0   0   0   0   0   0  -1   2   0   0   0   0   0   0   0   0   0   0  -1   2   0   0   0   0   0   0   0   0   0   0  -1   2   0   0   0   0   0   0   0   0   0   0  -1   2
  0   0   0   0   0   0   0   0   0   0   0   0   0   0   0   0   0   0   0   0   0   0   0   0 -23 -23   0   0   0   0   0   0   0   0   0   0   1  -1   0   0   0   0   0   0   0   0   0   0   1  -1   0   0   0   0   0   0   0   0   0   0   1  -1   0   0   0   0   0   0   0   0   0   0   1  -1   0   0   0   0   0   0   0   0   0   0   1  -1   0   0   0   0   0   0   0   0   0   0   1  -1   0   0   0   0   0   0   0   0   0   0   1  -1   0   0   0   0   0   0   0   0   0   0   1  -1   0   0   0   0   0   0   0   0   0   0   1  -1   0   0   0   0   0   0   0   0   0   0
  0   0   0   0   0   0   0   0   0   0   0   0   0   0   0   0   0   0   0   0   0   0   0   0   0  23 -23   0   0   0   0   0   0   0   0   0  -1   2  -1   0   0   0   0   0   0   0   0   0  -1   2  -1   0   0   0   0   0   0   0   0   0  -1   2  -1   0   0   0   0   0   0   0   0   0  -1   2  -1   0   0   0   0   0   0   0   0   0  -1   2  -1   0   0   0   0   0   0   0   0   0  -1   2  -1   0   0   0   0   0   0   0   0   0  -1   2  -1   0   0   0   0   0   0   0   0   0  -1   2  -1   0   0   0   0   0   0   0   0   0  -1   2  -1   0   0   0   0   0   0   0   0   0
  0   0   0   0   0   0   0   0   0   0   0   0   0   0   0   0   0   0   0   0   0   0   0   0   0   0  23 -23   0   0   0   0   0   0   0   0   0  -1   2  -1   0   0   0   0   0   0   0   0   0  -1   2  -1   0   0   0   0   0   0   0   0   0  -1   2  -1   0   0   0   0   0   0   0   0   0  -1   2  -1   0   0   0   0   0   0   0   0   0  -1   2  -1   0   0   0   0   0   0   0   0   0  -1   2  -1   0   0   0   0   0   0   0   0   0  -1   2  -1   0   0   0   0   0   0   0   0   0  -1   2  -1   0   0   0   0   0   0   0   0   0  -1   2  -1   0   0   0   0   0   0   0   0
  0   0   0   0   0   0   0   0   0   0   0   0   0   0   0   0   0   0   0   0   0   0   0   0   0   0   0  23 -23   0   0   0   0   0   0   0   0   0  -1   2  -1   0   0   0   0   0   0   0   0   0  -1   2  -1   0   0   0   0   0   0   0   0   0  -1   2  -1   0   0   0   0   0   0   0   0   0  -1   2  -1   0   0   0   0   0   0   0   0   0  -1   2  -1   0   0   0   0   0   0   0   0   0  -1   2  -1   0   0   0   0   0   0   0   0   0  -1   2  -1   0   0   0   0   0   0   0   0   0  -1   2  -1   0   0   0   0   0   0   0   0   0  -1   2  -1   0   0   0   0   0   0   0
  0   0   0   0   0   0   0   0   0   0   0   0   0   0   0   0   0   0   0   0   0   0   0   0   0   0   0   0  23 -23   0   0   0   0   0   0   0   0   0  -1   2  -1   0   0   0   0   0   0   0   0   0  -1   2  -1   0   0   0   0   0   0   0   0   0  -1   2  -1   0   0   0   0   0   0   0   0   0  -1   2  -1   0   0   0   0   0   0   0   0   0  -1   2  -1   0   0   0   0   0   0   0   0   0  -1   2  -1   0   0   0   0   0   0   0   0   0  -1   2  -1   0   0   0   0   0   0   0   0   0  -1   2  -1   0   0   0   0   0   0   0   0   0  -1   2  -1   0   0   0   0   0   0
  0   0   0   0   0   0   0   0   0   0   0   0   0   0   0   0   0   0   0   0   0   0   0   0   0   0   0   0   0  23 -23   0   0   0   0   0   0   0   0   0  -1   2  -1   0   0   0   0   0   0   0   0   0  -1   2  -1   0   0   0   0   0   0   0   0   0  -1   2  -1   0   0   0   0   0   0   0   0   0  -1   2  -1   0   0   0   0   0   0   0   0   0  -1   2  -1   0   0   0   0   0   0   0   0   0  -1   2  -1   0   0   0   0   0   0   0   0   0  -1   2  -1   0   0   0   0   0   0   0   0   0  -1   2  -1   0   0   0   0   0   0   0   0   0  -1   2  -1   0   0   0   0   0
  0   0   0   0   0   0   0   0   0   0   0   0   0   0   0   0   0   0   0   0   0   0   0   0   0   0   0   0   0   0  23 -23   0   0   0   0   0   0   0   0   0  -1   2  -1   0   0   0   0   0   0   0   0   0  -1   2  -1   0   0   0   0   0   0   0   0   0  -1   2  -1   0   0   0   0   0   0   0   0   0  -1   2  -1   0   0   0   0   0   0   0   0   0  -1   2  -1   0   0   0   0   0   0   0   0   0  -1   2  -1   0   0   0   0   0   0   0   0   0  -1   2  -1   0   0   0   0   0   0   0   0   0  -1   2  -1   0   0   0   0   0   0   0   0   0  -1   2  -1   0   0   0   0
  0   0   0   0   0   0   0   0   0   0   0   0   0   0   0   0   0   0   0   0   0   0   0   0   0   0   0   0   0   0   0  23 -23   0   0   0   0   0   0   0   0   0  -1   2  -1   0   0   0   0   0   0   0   0   0  -1   2  -1   0   0   0   0   0   0   0   0   0  -1   2  -1   0   0   0   0   0   0   0   0   0  -1   2  -1   0   0   0   0   0   0   0   0   0  -1   2  -1   0   0   0   0   0   0   0   0   0  -1   2  -1   0   0   0   0   0   0   0   0   0  -1   2  -1   0   0   0   0   0   0   0   0   0  -1   2  -1   0   0   0   0   0   0   0   0   0  -1   2  -1   0   0   0
  0   0   0   0   0   0   0   0   0   0   0   0   0   0   0   0   0   0   0   0   0   0   0   0   0   0   0   0   0   0   0   0  23 -23   0   0   0   0   0   0   0   0   0  -1   2  -1   0   0   0   0   0   0   0   0   0  -1   2  -1   0   0   0   0   0   0   0   0   0  -1   2  -1   0   0   0   0   0   0   0   0   0  -1   2  -1   0   0   0   0   0   0   0   0   0  -1   2  -1   0   0   0   0   0   0   0   0   0  -1   2  -1   0   0   0   0   0   0   0   0   0  -1   2  -1   0   0   0   0   0   0   0   0   0  -1   2  -1   0   0   0   0   0   0   0   0   0  -1   2  -1   0   0
  0   0   0   0   0   0   0   0   0   0   0   0   0   0   0   0   0   0   0   0   0   0   0   0   0   0   0   0   0   0   0   0   0  23 -23   0   0   0   0   0   0   0   0   0  -1   2  -1   0   0   0   0   0   0   0   0   0  -1   2  -1   0   0   0   0   0   0   0   0   0  -1   2  -1   0   0   0   0   0   0   0   0   0  -1   2  -1   0   0   0   0   0   0   0   0   0  -1   2  -1   0   0   0   0   0   0   0   0   0  -1   2  -1   0   0   0   0   0   0   0   0   0  -1   2  -1   0   0   0   0   0   0   0   0   0  -1   2  -1   0   0   0   0   0   0   0   0   0  -1   2  -1   0
  0   0   0   0   0   0   0   0   0   0   0   0   0   0   0   0   0   0   0   0   0   0   0   0   0   0   0   0   0   0   0   0   0   0  23 -23   0   0   0   0   0   0   0   0   0  -1   2  -1   0   0   0   0   0   0   0   0   0  -1   2  -1   0   0   0   0   0   0   0   0   0  -1   2  -1   0   0   0   0   0   0   0   0   0  -1   2  -1   0   0   0   0   0   0   0   0   0  -1   2  -1   0   0   0   0   0   0   0   0   0  -1   2  -1   0   0   0   0   0   0   0   0   0  -1   2  -1   0   0   0   0   0   0   0   0   0  -1   2  -1   0   0   0   0   0   0   0   0   0  -1   2  -1
  0   0   0   0   0   0   0   0   0   0   0   0   0   0   0   0   0   0   0   0   0   0   0   0   0   0   0   0   0   0   0   0   0   0   0  23   0   0   0   0   0   0   0   0   0   0  -1   2   0   0   0   0   0   0   0   0   0   0  -1   2   0   0   0   0   0   0   0   0   0   0  -1   2   0   0   0   0   0   0   0   0   0   0  -1   2   0   0   0   0   0   0   0   0   0   0  -1   2   0   0   0   0   0   0   0   0   0   0  -1   2   0   0   0   0   0   0   0   0   0   0  -1   2   0   0   0   0   0   0   0   0   0   0  -1   2   0   0   0   0   0   0   0   0   0   0  -1   2
  0   0   0   0   0   0   0   0   0   0   0   0   0   0   0   0   0   0   0   0   0   0   0   0   0   0   0   0   0   0   0   0   0   0   0   0 -23 -23   0   0   0   0   0   0   0   0   0   0   1  -1   0   0   0   0   0   0   0   0   0   0   1  -1   0   0   0   0   0   0   0   0   0   0   1  -1   0   0   0   0   0   0   0   0   0   0   1  -1   0   0   0   0   0   0   0   0   0   0   1  -1   0   0   0   0   0   0   0   0   0   0   1  -1   0   0   0   0   0   0   0   0   0   0   1  -1   0   0   0   0   0   0   0   0   0   0   1  -1   0   0   0   0   0   0   0   0   0   0
  0   0   0   0   0   0   0   0   0   0   0   0   0   0   0   0   0   0   0   0   0   0   0   0   0   0   0   0   0   0   0   0   0   0   0   0   0  23 -23   0   0   0   0   0   0   0   0   0  -1   2  -1   0   0   0   0   0   0   0   0   0  -1   2  -1   0   0   0   0   0   0   0   0   0  -1   2  -1   0   0   0   0   0   0   0   0   0  -1   2  -1   0   0   0   0   0   0   0   0   0  -1   2  -1   0   0   0   0   0   0   0   0   0  -1   2  -1   0   0   0   0   0   0   0   0   0  -1   2  -1   0   0   0   0   0   0   0   0   0  -1   2  -1   0   0   0   0   0   0   0   0   0
  0   0   0   0   0   0   0   0   0   0   0   0   0   0   0   0   0   0   0   0   0   0   0   0   0   0   0   0   0   0   0   0   0   0   0   0   0   0  23 -23   0   0   0   0   0   0   0   0   0  -1   2  -1   0   0   0   0   0   0   0   0   0  -1   2  -1   0   0   0   0   0   0   0   0   0  -1   2  -1   0   0   0   0   0   0   0   0   0  -1   2  -1   0   0   0   0   0   0   0   0   0  -1   2  -1   0   0   0   0   0   0   0   0   0  -1   2  -1   0   0   0   0   0   0   0   0   0  -1   2  -1   0   0   0   0   0   0   0   0   0  -1   2  -1   0   0   0   0   0   0   0   0
  0   0   0   0   0   0   0   0   0   0   0   0   0   0   0   0   0   0   0   0   0   0   0   0   0   0   0   0   0   0   0   0   0   0   0   0   0   0   0  23 -23   0   0   0   0   0   0   0   0   0  -1   2  -1   0   0   0   0   0   0   0   0   0  -1   2  -1   0   0   0   0   0   0   0   0   0  -1   2  -1   0   0   0   0   0   0   0   0   0  -1   2  -1   0   0   0   0   0   0   0   0   0  -1   2  -1   0   0   0   0   0   0   0   0   0  -1   2  -1   0   0   0   0   0   0   0   0   0  -1   2  -1   0   0   0   0   0   0   0   0   0  -1   2  -1   0   0   0   0   0   0   0
  0   0   0   0   0   0   0   0   0   0   0   0   0   0   0   0   0   0   0   0   0   0   0   0   0   0   0   0   0   0   0   0   0   0   0   0   0   0   0   0  23 -23   0   0   0   0   0   0   0   0   0  -1   2  -1   0   0   0   0   0   0   0   0   0  -1   2  -1   0   0   0   0   0   0   0   0   0  -1   2  -1   0   0   0   0   0   0   0   0   0  -1   2  -1   0   0   0   0   0   0   0   0   0  -1   2  -1   0   0   0   0   0   0   0   0   0  -1   2  -1   0   0   0   0   0   0   0   0   0  -1   2  -1   0   0   0   0   0   0   0   0   0  -1   2  -1   0   0   0   0   0   0
  0   0   0   0   0   0   0   0   0   0   0   0   0   0   0   0   0   0   0   0   0   0   0   0   0   0   0   0   0   0   0   0   0   0   0   0   0   0   0   0   0  23 -23   0   0   0   0   0   0   0   0   0  -1   2  -1   0   0   0   0   0   0   0   0   0  -1   2  -1   0   0   0   0   0   0   0   0   0  -1   2  -1   0   0   0   0   0   0   0   0   0  -1   2  -1   0   0   0   0   0   0   0   0   0  -1   2  -1   0   0   0   0   0   0   0   0   0  -1   2  -1   0   0   0   0   0   0   0   0   0  -1   2  -1   0   0   0   0   0   0   0   0   0  -1   2  -1   0   0   0   0   0
  0   0   0   0   0   0   0   0   0   0   0   0   0   0   0   0   0   0   0   0   0   0   0   0   0   0   0   0   0   0   0   0   0   0   0   0   0   0   0   0   0   0  23 -23   0   0   0   0   0   0   0   0   0  -1   2  -1   0   0   0   0   0   0   0   0   0  -1   2  -1   0   0   0   0   0   0   0   0   0  -1   2  -1   0   0   0   0   0   0   0   0   0  -1   2  -1   0   0   0   0   0   0   0   0   0  -1   2  -1   0   0   0   0   0   0   0   0   0  -1   2  -1   0   0   0   0   0   0   0   0   0  -1   2  -1   0   0   0   0   0   0   0   0   0  -1   2  -1   0   0   0   0
  0   0   0   0   0   0   0   0   0   0   0   0   0   0   0   0   0   0   0   0   0   0   0   0   0   0   0   0   0   0   0   0   0   0   0   0   0   0   0   0   0   0   0  23 -23   0   0   0   0   0   0   0   0   0  -1   2  -1   0   0   0   0   0   0   0   0   0  -1   2  -1   0   0   0   0   0   0   0   0   0  -1   2  -1   0   0   0   0   0   0   0   0   0  -1   2  -1   0   0   0   0   0   0   0   0   0  -1   2  -1   0   0   0   0   0   0   0   0   0  -1   2  -1   0   0   0   0   0   0   0   0   0  -1   2  -1   0   0   0   0   0   0   0   0   0  -1   2  -1   0   0   0
  0   0   0   0   0   0   0   0   0   0   0   0   0   0   0   0   0   0   0   0   0   0   0   0   0   0   0   0   0   0   0   0   0   0   0   0   0   0   0   0   0   0   0   0  23 -23   0   0   0   0   0   0   0   0   0  -1   2  -1   0   0   0   0   0   0   0   0   0  -1   2  -1   0   0   0   0   0   0   0   0   0  -1   2  -1   0   0   0   0   0   0   0   0   0  -1   2  -1   0   0   0   0   0   0   0   0   0  -1   2  -1   0   0   0   0   0   0   0   0   0  -1   2  -1   0   0   0   0   0   0   0   0   0  -1   2  -1   0   0   0   0   0   0   0   0   0  -1   2  -1   0   0
  0   0   0   0   0   0   0   0   0   0   0   0   0   0   0   0   0   0   0   0   0   0   0   0   0   0   0   0   0   0   0   0   0   0   0   0   0   0   0   0   0   0   0   0   0  23 -23   0   0   0   0   0   0   0   0   0  -1   2  -1   0   0   0   0   0   0   0   0   0  -1   2  -1   0   0   0   0   0   0   0   0   0  -1   2  -1   0   0   0   0   0   0   0   0   0  -1   2  -1   0   0   0   0   0   0   0   0   0  -1   2  -1   0   0   0   0   0   0   0   0   0  -1   2  -1   0   0   0   0   0   0   0   0   0  -1   2  -1   0   0   0   0   0   0   0   0   0  -1   2  -1   0
  0   0   0   0   0   0   0   0   0   0   0   0   0   0   0   0   0   0   0   0   0   0   0   0   0   0   0   0   0   0   0   0   0   0   0   0   0   0   0   0   0   0   0   0   0   0  23 -23   0   0   0   0   0   0   0   0   0  -1   2  -1   0   0   0   0   0   0   0   0   0  -1   2  -1   0   0   0   0   0   0   0   0   0  -1   2  -1   0   0   0   0   0   0   0   0   0  -1   2  -1   0   0   0   0   0   0   0   0   0  -1   2  -1   0   0   0   0   0   0   0   0   0  -1   2  -1   0   0   0   0   0   0   0   0   0  -1   2  -1   0   0   0   0   0   0   0   0   0  -1   2  -1
  0   0   0   0   0   0   0   0   0   0   0   0   0   0   0   0   0   0   0   0   0   0   0   0   0   0   0   0   0   0   0   0   0   0   0   0   0   0   0   0   0   0   0   0   0   0   0  23   0   0   0   0   0   0   0   0   0   0  -1   2   0   0   0   0   0   0   0   0   0   0  -1   2   0   0   0   0   0   0   0   0   0   0  -1   2   0   0   0   0   0   0   0   0   0   0  -1   2   0   0   0   0   0   0   0   0   0   0  -1   2   0   0   0   0   0   0   0   0   0   0  -1   2   0   0   0   0   0   0   0   0   0   0  -1   2   0   0   0   0   0   0   0   0   0   0  -1   2
  0   0   0   0   0   0   0   0   0   0   0   0   0   0   0   0   0   0   0   0   0   0   0   0   0   0   0   0   0   0   0   0   0   0   0   0   0   0   0   0   0   0   0   0   0   0   0   0 -23 -23   0   0   0   0   0   0   0   0   0   0   1  -1   0   0   0   0   0   0   0   0   0   0   1  -1   0   0   0   0   0   0   0   0   0   0   1  -1   0   0   0   0   0   0   0   0   0   0   1  -1   0   0   0   0   0   0   0   0   0   0   1  -1   0   0   0   0   0   0   0   0   0   0   1  -1   0   0   0   0   0   0   0   0   0   0   1  -1   0   0   0   0   0   0   0   0   0   0
  0   0   0   0   0   0   0   0   0   0   0   0   0   0   0   0   0   0   0   0   0   0   0   0   0   0   0   0   0   0   0   0   0   0   0   0   0   0   0   0   0   0   0   0   0   0   0   0   0  23 -23   0   0   0   0   0   0   0   0   0  -1   2  -1   0   0   0   0   0   0   0   0   0  -1   2  -1   0   0   0   0   0   0   0   0   0  -1   2  -1   0   0   0   0   0   0   0   0   0  -1   2  -1   0   0   0   0   0   0   0   0   0  -1   2  -1   0   0   0   0   0   0   0   0   0  -1   2  -1   0   0   0   0   0   0   0   0   0  -1   2  -1   0   0   0   0   0   0   0   0   0
  0   0   0   0   0   0   0   0   0   0   0   0   0   0   0   0   0   0   0   0   0   0   0   0   0   0   0   0   0   0   0   0   0   0   0   0   0   0   0   0   0   0   0   0   0   0   0   0   0   0  23 -23   0   0   0   0   0   0   0   0   0  -1   2  -1   0   0   0   0   0   0   0   0   0  -1   2  -1   0   0   0   0   0   0   0   0   0  -1   2  -1   0   0   0   0   0   0   0   0   0  -1   2  -1   0   0   0   0   0   0   0   0   0  -1   2  -1   0   0   0   0   0   0   0   0   0  -1   2  -1   0   0   0   0   0   0   0   0   0  -1   2  -1   0   0   0   0   0   0   0   0
  0   0   0   0   0   0   0   0   0   0   0   0   0   0   0   0   0   0   0   0   0   0   0   0   0   0   0   0   0   0   0   0   0   0   0   0   0   0   0   0   0   0   0   0   0   0   0   0   0   0   0  23 -23   0   0   0   0   0   0   0   0   0  -1   2  -1   0   0   0   0   0   0   0   0   0  -1   2  -1   0   0   0   0   0   0   0   0   0  -1   2  -1   0   0   0   0   0   0   0   0   0  -1   2  -1   0   0   0   0   0   0   0   0   0  -1   2  -1   0   0   0   0   0   0   0   0   0  -1   2  -1   0   0   0   0   0   0   0   0   0  -1   2  -1   0   0   0   0   0   0   0
  0   0   0   0   0   0   0   0   0   0   0   0   0   0   0   0   0   0   0   0   0   0   0   0   0   0   0   0   0   0   0   0   0   0   0   0   0   0   0   0   0   0   0   0   0   0   0   0   0   0   0   0  23 -23   0   0   0   0   0   0   0   0   0  -1   2  -1   0   0   0   0   0   0   0   0   0  -1   2  -1   0   0   0   0   0   0   0   0   0  -1   2  -1   0   0   0   0   0   0   0   0   0  -1   2  -1   0   0   0   0   0   0   0   0   0  -1   2  -1   0   0   0   0   0   0   0   0   0  -1   2  -1   0   0   0   0   0   0   0   0   0  -1   2  -1   0   0   0   0   0   0
  0   0   0   0   0   0   0   0   0   0   0   0   0   0   0   0   0   0   0   0   0   0   0   0   0   0   0   0   0   0   0   0   0   0   0   0   0   0   0   0   0   0   0   0   0   0   0   0   0   0   0   0   0  23 -23   0   0   0   0   0   0   0   0   0  -1   2  -1   0   0   0   0   0   0   0   0   0  -1   2  -1   0   0   0   0   0   0   0   0   0  -1   2  -1   0   0   0   0   0   0   0   0   0  -1   2  -1   0   0   0   0   0   0   0   0   0  -1   2  -1   0   0   0   0   0   0   0   0   0  -1   2  -1   0   0   0   0   0   0   0   0   0  -1   2  -1   0   0   0   0   0
  0   0   0   0   0   0   0   0   0   0   0   0   0   0   0   0   0   0   0   0   0   0   0   0   0   0   0   0   0   0   0   0   0   0   0   0   0   0   0   0   0   0   0   0   0   0   0   0   0   0   0   0   0   0  23 -23   0   0   0   0   0   0   0   0   0  -1   2  -1   0   0   0   0   0   0   0   0   0  -1   2  -1   0   0   0   0   0   0   0   0   0  -1   2  -1   0   0   0   0   0   0   0   0   0  -1   2  -1   0   0   0   0   0   0   0   0   0  -1   2  -1   0   0   0   0   0   0   0   0   0  -1   2  -1   0   0   0   0   0   0   0   0   0  -1   2  -1   0   0   0   0
  0   0   0   0   0   0   0   0   0   0   0   0   0   0   0   0   0   0   0   0   0   0   0   0   0   0   0   0   0   0   0   0   0   0   0   0   0   0   0   0   0   0   0   0   0   0   0   0   0   0   0   0   0   0   0  23 -23   0   0   0   0   0   0   0   0   0  -1   2  -1   0   0   0   0   0   0   0   0   0  -1   2  -1   0   0   0   0   0   0   0   0   0  -1   2  -1   0   0   0   0   0   0   0   0   0  -1   2  -1   0   0   0   0   0   0   0   0   0  -1   2  -1   0   0   0   0   0   0   0   0   0  -1   2  -1   0   0   0   0   0   0   0   0   0  -1   2  -1   0   0   0
  0   0   0   0   0   0   0   0   0   0   0   0   0   0   0   0   0   0   0   0   0   0   0   0   0   0   0   0   0   0   0   0   0   0   0   0   0   0   0   0   0   0   0   0   0   0   0   0   0   0   0   0   0   0   0   0  23 -23   0   0   0   0   0   0   0   0   0  -1   2  -1   0   0   0   0   0   0   0   0   0  -1   2  -1   0   0   0   0   0   0   0   0   0  -1   2  -1   0   0   0   0   0   0   0   0   0  -1   2  -1   0   0   0   0   0   0   0   0   0  -1   2  -1   0   0   0   0   0   0   0   0   0  -1   2  -1   0   0   0   0   0   0   0   0   0  -1   2  -1   0   0
  0   0   0   0   0   0   0   0   0   0   0   0   0   0   0   0   0   0   0   0   0   0   0   0   0   0   0   0   0   0   0   0   0   0   0   0   0   0   0   0   0   0   0   0   0   0   0   0   0   0   0   0   0   0   0   0   0  23 -23   0   0   0   0   0   0   0   0   0  -1   2  -1   0   0   0   0   0   0   0   0   0  -1   2  -1   0   0   0   0   0   0   0   0   0  -1   2  -1   0   0   0   0   0   0   0   0   0  -1   2  -1   0   0   0   0   0   0   0   0   0  -1   2  -1   0   0   0   0   0   0   0   0   0  -1   2  -1   0   0   0   0   0   0   0   0   0  -1   2  -1   0
  0   0   0   0   0   0   0   0   0   0   0   0   0   0   0   0   0   0   0   0   0   0   0   0   0   0   0   0   0   0   0   0   0   0   0   0   0   0   0   0   0   0   0   0   0   0   0   0   0   0   0   0   0   0   0   0   0   0  23 -23   0   0   0   0   0   0   0   0   0  -1   2  -1   0   0   0   0   0   0   0   0   0  -1   2  -1   0   0   0   0   0   0   0   0   0  -1   2  -1   0   0   0   0   0   0   0   0   0  -1   2  -1   0   0   0   0   0   0   0   0   0  -1   2  -1   0   0   0   0   0   0   0   0   0  -1   2  -1   0   0   0   0   0   0   0   0   0  -1   2  -1
  0   0   0   0   0   0   0   0   0   0   0   0   0   0   0   0   0   0   0   0   0   0   0   0   0   0   0   0   0   0   0   0   0   0   0   0   0   0   0   0   0   0   0   0   0   0   0   0   0   0   0   0   0   0   0   0   0   0   0  23   0   0   0   0   0   0   0   0   0   0  -1   2   0   0   0   0   0   0   0   0   0   0  -1   2   0   0   0   0   0   0   0   0   0   0  -1   2   0   0   0   0   0   0   0   0   0   0  -1   2   0   0   0   0   0   0   0   0   0   0  -1   2   0   0   0   0   0   0   0   0   0   0  -1   2   0   0   0   0   0   0   0   0   0   0  -1   2
  0   0   0   0   0   0   0   0   0   0   0   0   0   0   0   0   0   0   0   0   0   0   0   0   0   0   0   0   0   0   0   0   0   0   0   0   0   0   0   0   0   0   0   0   0   0   0   0   0   0   0   0   0   0   0   0   0   0   0   0 -23 -23   0   0   0   0   0   0   0   0   0   0   1  -1   0   0   0   0   0   0   0   0   0   0   1  -1   0   0   0   0   0   0   0   0   0   0   1  -1   0   0   0   0   0   0   0   0   0   0   1  -1   0   0   0   0   0   0   0   0   0   0   1  -1   0   0   0   0   0   0   0   0   0   0   1  -1   0   0   0   0   0   0   0   0   0   0
  0   0   0   0   0   0   0   0   0   0   0   0   0   0   0   0   0   0   0   0   0   0   0   0   0   0   0   0   0   0   0   0   0   0   0   0   0   0   0   0   0   0   0   0   0   0   0   0   0   0   0   0   0   0   0   0   0   0   0   0   0  23 -23   0   0   0   0   0   0   0   0   0  -1   2  -1   0   0   0   0   0   0   0   0   0  -1   2  -1   0   0   0   0   0   0   0   0   0  -1   2  -1   0   0   0   0   0   0   0   0   0  -1   2  -1   0   0   0   0   0   0   0   0   0  -1   2  -1   0   0   0   0   0   0   0   0   0  -1   2  -1   0   0   0   0   0   0   0   0   0
  0   0   0   0   0   0   0   0   0   0   0   0   0   0   0   0   0   0   0   0   0   0   0   0   0   0   0   0   0   0   0   0   0   0   0   0   0   0   0   0   0   0   0   0   0   0   0   0   0   0   0   0   0   0   0   0   0   0   0   0   0   0  23 -23   0   0   0   0   0   0   0   0   0  -1   2  -1   0   0   0   0   0   0   0   0   0  -1   2  -1   0   0   0   0   0   0   0   0   0  -1   2  -1   0   0   0   0   0   0   0   0   0  -1   2  -1   0   0   0   0   0   0   0   0   0  -1   2  -1   0   0   0   0   0   0   0   0   0  -1   2  -1   0   0   0   0   0   0   0   0
  0   0   0   0   0   0   0   0   0   0   0   0   0   0   0   0   0   0   0   0   0   0   0   0   0   0   0   0   0   0   0   0   0   0   0   0   0   0   0   0   0   0   0   0   0   0   0   0   0   0   0   0   0   0   0   0   0   0   0   0   0   0   0  23 -23   0   0   0   0   0   0   0   0   0  -1   2  -1   0   0   0   0   0   0   0   0   0  -1   2  -1   0   0   0   0   0   0   0   0   0  -1   2  -1   0   0   0   0   0   0   0   0   0  -1   2  -1   0   0   0   0   0   0   0   0   0  -1   2  -1   0   0   0   0   0   0   0   0   0  -1   2  -1   0   0   0   0   0   0   0
  0   0   0   0   0   0   0   0   0   0   0   0   0   0   0   0   0   0   0   0   0   0   0   0   0   0   0   0   0   0   0   0   0   0   0   0   0   0   0   0   0   0   0   0   0   0   0   0   0   0   0   0   0   0   0   0   0   0   0   0   0   0   0   0  23 -23   0   0   0   0   0   0   0   0   0  -1   2  -1   0   0   0   0   0   0   0   0   0  -1   2  -1   0   0   0   0   0   0   0   0   0  -1   2  -1   0   0   0   0   0   0   0   0   0  -1   2  -1   0   0   0   0   0   0   0   0   0  -1   2  -1   0   0   0   0   0   0   0   0   0  -1   2  -1   0   0   0   0   0   0
  0   0   0   0   0   0   0   0   0   0   0   0   0   0   0   0   0   0   0   0   0   0   0   0   0   0   0   0   0   0   0   0   0   0   0   0   0   0   0   0   0   0   0   0   0   0   0   0   0   0   0   0   0   0   0   0   0   0   0   0   0   0   0   0   0  23 -23   0   0   0   0   0   0   0   0   0  -1   2  -1   0   0   0   0   0   0   0   0   0  -1   2  -1   0   0   0   0   0   0   0   0   0  -1   2  -1   0   0   0   0   0   0   0   0   0  -1   2  -1   0   0   0   0   0   0   0   0   0  -1   2  -1   0   0   0   0   0   0   0   0   0  -1   2  -1   0   0   0   0   0
  0   0   0   0   0   0   0   0   0   0   0   0   0   0   0   0   0   0   0   0   0   0   0   0   0   0   0   0   0   0   0   0   0   0   0   0   0   0   0   0   0   0   0   0   0   0   0   0   0   0   0   0   0   0   0   0   0   0   0   0   0   0   0   0   0   0  23 -23   0   0   0   0   0   0   0   0   0  -1   2  -1   0   0   0   0   0   0   0   0   0  -1   2  -1   0   0   0   0   0   0   0   0   0  -1   2  -1   0   0   0   0   0   0   0   0   0  -1   2  -1   0   0   0   0   0   0   0   0   0  -1   2  -1   0   0   0   0   0   0   0   0   0  -1   2  -1   0   0   0   0
  0   0   0   0   0   0   0   0   0   0   0   0   0   0   0   0   0   0   0   0   0   0   0   0   0   0   0   0   0   0   0   0   0   0   0   0   0   0   0   0   0   0   0   0   0   0   0   0   0   0   0   0   0   0   0   0   0   0   0   0   0   0   0   0   0   0   0  23 -23   0   0   0   0   0   0   0   0   0  -1   2  -1   0   0   0   0   0   0   0   0   0  -1   2  -1   0   0   0   0   0   0   0   0   0  -1   2  -1   0   0   0   0   0   0   0   0   0  -1   2  -1   0   0   0   0   0   0   0   0   0  -1   2  -1   0   0   0   0   0   0   0   0   0  -1   2  -1   0   0   0
  0   0   0   0   0   0   0   0   0   0   0   0   0   0   0   0   0   0   0   0   0   0   0   0   0   0   0   0   0   0   0   0   0   0   0   0   0   0   0   0   0   0   0   0   0   0   0   0   0   0   0   0   0   0   0   0   0   0   0   0   0   0   0   0   0   0   0   0  23 -23   0   0   0   0   0   0   0   0   0  -1   2  -1   0   0   0   0   0   0   0   0   0  -1   2  -1   0   0   0   0   0   0   0   0   0  -1   2  -1   0   0   0   0   0   0   0   0   0  -1   2  -1   0   0   0   0   0   0   0   0   0  -1   2  -1   0   0   0   0   0   0   0   0   0  -1   2  -1   0   0
  0   0   0   0   0   0   0   0   0   0   0   0   0   0   0   0   0   0   0   0   0   0   0   0   0   0   0   0   0   0   0   0   0   0   0   0   0   0   0   0   0   0   0   0   0   0   0   0   0   0   0   0   0   0   0   0   0   0   0   0   0   0   0   0   0   0   0   0   0  23 -23   0   0   0   0   0   0   0   0   0  -1   2  -1   0   0   0   0   0   0   0   0   0  -1   2  -1   0   0   0   0   0   0   0   0   0  -1   2  -1   0   0   0   0   0   0   0   0   0  -1   2  -1   0   0   0   0   0   0   0   0   0  -1   2  -1   0   0   0   0   0   0   0   0   0  -1   2  -1   0
  0   0   0   0   0   0   0   0   0   0   0   0   0   0   0   0   0   0   0   0   0   0   0   0   0   0   0   0   0   0   0   0   0   0   0   0   0   0   0   0   0   0   0   0   0   0   0   0   0   0   0   0   0   0   0   0   0   0   0   0   0   0   0   0   0   0   0   0   0   0  23 -23   0   0   0   0   0   0   0   0   0  -1   2  -1   0   0   0   0   0   0   0   0   0  -1   2  -1   0   0   0   0   0   0   0   0   0  -1   2  -1   0   0   0   0   0   0   0   0   0  -1   2  -1   0   0   0   0   0   0   0   0   0  -1   2  -1   0   0   0   0   0   0   0   0   0  -1   2  -1
  0   0   0   0   0   0   0   0   0   0   0   0   0   0   0   0   0   0   0   0   0   0   0   0   0   0   0   0   0   0   0   0   0   0   0   0   0   0   0   0   0   0   0   0   0   0   0   0   0   0   0   0   0   0   0   0   0   0   0   0   0   0   0   0   0   0   0   0   0   0   0  23   0   0   0   0   0   0   0   0   0   0  -1   2   0   0   0   0   0   0   0   0   0   0  -1   2   0   0   0   0   0   0   0   0   0   0  -1   2   0   0   0   0   0   0   0   0   0   0  -1   2   0   0   0   0   0   0   0   0   0   0  -1   2   0   0   0   0   0   0   0   0   0   0  -1   2
  0   0   0   0   0   0   0   0   0   0   0   0   0   0   0   0   0   0   0   0   0   0   0   0   0   0   0   0   0   0   0   0   0   0   0   0   0   0   0   0   0   0   0   0   0   0   0   0   0   0   0   0   0   0   0   0   0   0   0   0   0   0   0   0   0   0   0   0   0   0   0   0 -23 -23   0   0   0   0   0   0   0   0   0   0   1  -1   0   0   0   0   0   0   0   0   0   0   1  -1   0   0   0   0   0   0   0   0   0   0   1  -1   0   0   0   0   0   0   0   0   0   0   1  -1   0   0   0   0   0   0   0   0   0   0   1  -1   0   0   0   0   0   0   0   0   0   0
  0   0   0   0   0   0   0   0   0   0   0   0   0   0   0   0   0   0   0   0   0   0   0   0   0   0   0   0   0   0   0   0   0   0   0   0   0   0   0   0   0   0   0   0   0   0   0   0   0   0   0   0   0   0   0   0   0   0   0   0   0   0   0   0   0   0   0   0   0   0   0   0   0  23 -23   0   0   0   0   0   0   0   0   0  -1   2  -1   0   0   0   0   0   0   0   0   0  -1   2  -1   0   0   0   0   0   0   0   0   0  -1   2  -1   0   0   0   0   0   0   0   0   0  -1   2  -1   0   0   0   0   0   0   0   0   0  -1   2  -1   0   0   0   0   0   0   0   0   0
  0   0   0   0   0   0   0   0   0   0   0   0   0   0   0   0   0   0   0   0   0   0   0   0   0   0   0   0   0   0   0   0   0   0   0   0   0   0   0   0   0   0   0   0   0   0   0   0   0   0   0   0   0   0   0   0   0   0   0   0   0   0   0   0   0   0   0   0   0   0   0   0   0   0  23 -23   0   0   0   0   0   0   0   0   0  -1   2  -1   0   0   0   0   0   0   0   0   0  -1   2  -1   0   0   0   0   0   0   0   0   0  -1   2  -1   0   0   0   0   0   0   0   0   0  -1   2  -1   0   0   0   0   0   0   0   0   0  -1   2  -1   0   0   0   0   0   0   0   0
  0   0   0   0   0   0   0   0   0   0   0   0   0   0   0   0   0   0   0   0   0   0   0   0   0   0   0   0   0   0   0   0   0   0   0   0   0   0   0   0   0   0   0   0   0   0   0   0   0   0   0   0   0   0   0   0   0   0   0   0   0   0   0   0   0   0   0   0   0   0   0   0   0   0   0  23 -23   0   0   0   0   0   0   0   0   0  -1   2  -1   0   0   0   0   0   0   0   0   0  -1   2  -1   0   0   0   0   0   0   0   0   0  -1   2  -1   0   0   0   0   0   0   0   0   0  -1   2  -1   0   0   0   0   0   0   0   0   0  -1   2  -1   0   0   0   0   0   0   0
  0   0   0   0   0   0   0   0   0   0   0   0   0   0   0   0   0   0   0   0   0   0   0   0   0   0   0   0   0   0   0   0   0   0   0   0   0   0   0   0   0   0   0   0   0   0   0   0   0   0   0   0   0   0   0   0   0   0   0   0   0   0   0   0   0   0   0   0   0   0   0   0   0   0   0   0  23 -23   0   0   0   0   0   0   0   0   0  -1   2  -1   0   0   0   0   0   0   0   0   0  -1   2  -1   0   0   0   0   0   0   0   0   0  -1   2  -1   0   0   0   0   0   0   0   0   0  -1   2  -1   0   0   0   0   0   0   0   0   0  -1   2  -1   0   0   0   0   0   0
  0   0   0   0   0   0   0   0   0   0   0   0   0   0   0   0   0   0   0   0   0   0   0   0   0   0   0   0   0   0   0   0   0   0   0   0   0   0   0   0   0   0   0   0   0   0   0   0   0   0   0   0   0   0   0   0   0   0   0   0   0   0   0   0   0   0   0   0   0   0   0   0   0   0   0   0   0  23 -23   0   0   0   0   0   0   0   0   0  -1   2  -1   0   0   0   0   0   0   0   0   0  -1   2  -1   0   0   0   0   0   0   0   0   0  -1   2  -1   0   0   0   0   0   0   0   0   0  -1   2  -1   0   0   0   0   0   0   0   0   0  -1   2  -1   0   0   0   0   0
  0   0   0   0   0   0   0   0   0   0   0   0   0   0   0   0   0   0   0   0   0   0   0   0   0   0   0   0   0   0   0   0   0   0   0   0   0   0   0   0   0   0   0   0   0   0   0   0   0   0   0   0   0   0   0   0   0   0   0   0   0   0   0   0   0   0   0   0   0   0   0   0   0   0   0   0   0   0  23 -23   0   0   0   0   0   0   0   0   0  -1   2  -1   0   0   0   0   0   0   0   0   0  -1   2  -1   0   0   0   0   0   0   0   0   0  -1   2  -1   0   0   0   0   0   0   0   0   0  -1   2  -1   0   0   0   0   0   0   0   0   0  -1   2  -1   0   0   0   0
  0   0   0   0   0   0   0   0   0   0   0   0   0   0   0   0   0   0   0   0   0   0   0   0   0   0   0   0   0   0   0   0   0   0   0   0   0   0   0   0   0   0   0   0   0   0   0   0   0   0   0   0   0   0   0   0   0   0   0   0   0   0   0   0   0   0   0   0   0   0   0   0   0   0   0   0   0   0   0  23 -23   0   0   0   0   0   0   0   0   0  -1   2  -1   0   0   0   0   0   0   0   0   0  -1   2  -1   0   0   0   0   0   0   0   0   0  -1   2  -1   0   0   0   0   0   0   0   0   0  -1   2  -1   0   0   0   0   0   0   0   0   0  -1   2  -1   0   0   0
  0   0   0   0   0   0   0   0   0   0   0   0   0   0   0   0   0   0   0   0   0   0   0   0   0   0   0   0   0   0   0   0   0   0   0   0   0   0   0   0   0   0   0   0   0   0   0   0   0   0   0   0   0   0   0   0   0   0   0   0   0   0   0   0   0   0   0   0   0   0   0   0   0   0   0   0   0   0   0   0  23 -23   0   0   0   0   0   0   0   0   0  -1   2  -1   0   0   0   0   0   0   0   0   0  -1   2  -1   0   0   0   0   0   0   0   0   0  -1   2  -1   0   0   0   0   0   0   0   0   0  -1   2  -1   0   0   0   0   0   0   0   0   0  -1   2  -1   0   0
  0   0   0   0   0   0   0   0   0   0   0   0   0   0   0   0   0   0   0   0   0   0   0   0   0   0   0   0   0   0   0   0   0   0   0   0   0   0   0   0   0   0   0   0   0   0   0   0   0   0   0   0   0   0   0   0   0   0   0   0   0   0   0   0   0   0   0   0   0   0   0   0   0   0   0   0   0   0   0   0   0  23 -23   0   0   0   0   0   0   0   0   0  -1   2  -1   0   0   0   0   0   0   0   0   0  -1   2  -1   0   0   0   0   0   0   0   0   0  -1   2  -1   0   0   0   0   0   0   0   0   0  -1   2  -1   0   0   0   0   0   0   0   0   0  -1   2  -1   0
  0   0   0   0   0   0   0   0   0   0   0   0   0   0   0   0   0   0   0   0   0   0   0   0   0   0   0   0   0   0   0   0   0   0   0   0   0   0   0   0   0   0   0   0   0   0   0   0   0   0   0   0   0   0   0   0   0   0   0   0   0   0   0   0   0   0   0   0   0   0   0   0   0   0   0   0   0   0   0   0   0   0  23 -23   0   0   0   0   0   0   0   0   0  -1   2  -1   0   0   0   0   0   0   0   0   0  -1   2  -1   0   0   0   0   0   0   0   0   0  -1   2  -1   0   0   0   0   0   0   0   0   0  -1   2  -1   0   0   0   0   0   0   0   0   0  -1   2  -1
  0   0   0   0   0   0   0   0   0   0   0   0   0   0   0   0   0   0   0   0   0   0   0   0   0   0   0   0   0   0   0   0   0   0   0   0   0   0   0   0   0   0   0   0   0   0   0   0   0   0   0   0   0   0   0   0   0   0   0   0   0   0   0   0   0   0   0   0   0   0   0   0   0   0   0   0   0   0   0   0   0   0   0  23   0   0   0   0   0   0   0   0   0   0  -1   2   0   0   0   0   0   0   0   0   0   0  -1   2   0   0   0   0   0   0   0   0   0   0  -1   2   0   0   0   0   0   0   0   0   0   0  -1   2   0   0   0   0   0   0   0   0   0   0  -1   2
  0   0   0   0   0   0   0   0   0   0   0   0   0   0   0   0   0   0   0   0   0   0   0   0   0   0   0   0   0   0   0   0   0   0   0   0   0   0   0   0   0   0   0   0   0   0   0   0   0   0   0   0   0   0   0   0   0   0   0   0   0   0   0   0   0   0   0   0   0   0   0   0   0   0   0   0   0   0   0   0   0   0   0   0 -23 -23   0   0   0   0   0   0   0   0   0   0   1  -1   0   0   0   0   0   0   0   0   0   0   1  -1   0   0   0   0   0   0   0   0   0   0   1  -1   0   0   0   0   0   0   0   0   0   0   1  -1   0   0   0   0   0   0   0   0   0   0
  0   0   0   0   0   0   0   0   0   0   0   0   0   0   0   0   0   0   0   0   0   0   0   0   0   0   0   0   0   0   0   0   0   0   0   0   0   0   0   0   0   0   0   0   0   0   0   0   0   0   0   0   0   0   0   0   0   0   0   0   0   0   0   0   0   0   0   0   0   0   0   0   0   0   0   0   0   0   0   0   0   0   0   0   0  23 -23   0   0   0   0   0   0   0   0   0  -1   2  -1   0   0   0   0   0   0   0   0   0  -1   2  -1   0   0   0   0   0   0   0   0   0  -1   2  -1   0   0   0   0   0   0   0   0   0  -1   2  -1   0   0   0   0   0   0   0   0   0
  0   0   0   0   0   0   0   0   0   0   0   0   0   0   0   0   0   0   0   0   0   0   0   0   0   0   0   0   0   0   0   0   0   0   0   0   0   0   0   0   0   0   0   0   0   0   0   0   0   0   0   0   0   0   0   0   0   0   0   0   0   0   0   0   0   0   0   0   0   0   0   0   0   0   0   0   0   0   0   0   0   0   0   0   0   0  23 -23   0   0   0   0   0   0   0   0   0  -1   2  -1   0   0   0   0   0   0   0   0   0  -1   2  -1   0   0   0   0   0   0   0   0   0  -1   2  -1   0   0   0   0   0   0   0   0   0  -1   2  -1   0   0   0   0   0   0   0   0
  0   0   0   0   0   0   0   0   0   0   0   0   0   0   0   0   0   0   0   0   0   0   0   0   0   0   0   0   0   0   0   0   0   0   0   0   0   0   0   0   0   0   0   0   0   0   0   0   0   0   0   0   0   0   0   0   0   0   0   0   0   0   0   0   0   0   0   0   0   0   0   0   0   0   0   0   0   0   0   0   0   0   0   0   0   0   0  23 -23   0   0   0   0   0   0   0   0   0  -1   2  -1   0   0   0   0   0   0   0   0   0  -1   2  -1   0   0   0   0   0   0   0   0   0  -1   2  -1   0   0   0   0   0   0   0   0   0  -1   2  -1   0   0   0   0   0   0   0
  0   0   0   0   0   0   0   0   0   0   0   0   0   0   0   0   0   0   0   0   0   0   0   0   0   0   0   0   0   0   0   0   0   0   0   0   0   0   0   0   0   0   0   0   0   0   0   0   0   0   0   0   0   0   0   0   0   0   0   0   0   0   0   0   0   0   0   0   0   0   0   0   0   0   0   0   0   0   0   0   0   0   0   0   0   0   0   0  23 -23   0   0   0   0   0   0   0   0   0  -1   2  -1   0   0   0   0   0   0   0   0   0  -1   2  -1   0   0   0   0   0   0   0   0   0  -1   2  -1   0   0   0   0   0   0   0   0   0  -1   2  -1   0   0   0   0   0   0
  0   0   0   0   0   0   0   0   0   0   0   0   0   0   0   0   0   0   0   0   0   0   0   0   0   0   0   0   0   0   0   0   0   0   0   0   0   0   0   0   0   0   0   0   0   0   0   0   0   0   0   0   0   0   0   0   0   0   0   0   0   0   0   0   0   0   0   0   0   0   0   0   0   0   0   0   0   0   0   0   0   0   0   0   0   0   0   0   0  23 -23   0   0   0   0   0   0   0   0   0  -1   2  -1   0   0   0   0   0   0   0   0   0  -1   2  -1   0   0   0   0   0   0   0   0   0  -1   2  -1   0   0   0   0   0   0   0   0   0  -1   2  -1   0   0   0   0   0
  0   0   0   0   0   0   0   0   0   0   0   0   0   0   0   0   0   0   0   0   0   0   0   0   0   0   0   0   0   0   0   0   0   0   0   0   0   0   0   0   0   0   0   0   0   0   0   0   0   0   0   0   0   0   0   0   0   0   0   0   0   0   0   0   0   0   0   0   0   0   0   0   0   0   0   0   0   0   0   0   0   0   0   0   0   0   0   0   0   0  23 -23   0   0   0   0   0   0   0   0   0  -1   2  -1   0   0   0   0   0   0   0   0   0  -1   2  -1   0   0   0   0   0   0   0   0   0  -1   2  -1   0   0   0   0   0   0   0   0   0  -1   2  -1   0   0   0   0
  0   0   0   0   0   0   0   0   0   0   0   0   0   0   0   0   0   0   0   0   0   0   0   0   0   0   0   0   0   0   0   0   0   0   0   0   0   0   0   0   0   0   0   0   0   0   0   0   0   0   0   0   0   0   0   0   0   0   0   0   0   0   0   0   0   0   0   0   0   0   0   0   0   0   0   0   0   0   0   0   0   0   0   0   0   0   0   0   0   0   0  23 -23   0   0   0   0   0   0   0   0   0  -1   2  -1   0   0   0   0   0   0   0   0   0  -1   2  -1   0   0   0   0   0   0   0   0   0  -1   2  -1   0   0   0   0   0   0   0   0   0  -1   2  -1   0   0   0
  0   0   0   0   0   0   0   0   0   0   0   0   0   0   0   0   0   0   0   0   0   0   0   0   0   0   0   0   0   0   0   0   0   0   0   0   0   0   0   0   0   0   0   0   0   0   0   0   0   0   0   0   0   0   0   0   0   0   0   0   0   0   0   0   0   0   0   0   0   0   0   0   0   0   0   0   0   0   0   0   0   0   0   0   0   0   0   0   0   0   0   0  23 -23   0   0   0   0   0   0   0   0   0  -1   2  -1   0   0   0   0   0   0   0   0   0  -1   2  -1   0   0   0   0   0   0   0   0   0  -1   2  -1   0   0   0   0   0   0   0   0   0  -1   2  -1   0   0
  0   0   0   0   0   0   0   0   0   0   0   0   0   0   0   0   0   0   0   0   0   0   0   0   0   0   0   0   0   0   0   0   0   0   0   0   0   0   0   0   0   0   0   0   0   0   0   0   0   0   0   0   0   0   0   0   0   0   0   0   0   0   0   0   0   0   0   0   0   0   0   0   0   0   0   0   0   0   0   0   0   0   0   0   0   0   0   0   0   0   0   0   0  23 -23   0   0   0   0   0   0   0   0   0  -1   2  -1   0   0   0   0   0   0   0   0   0  -1   2  -1   0   0   0   0   0   0   0   0   0  -1   2  -1   0   0   0   0   0   0   0   0   0  -1   2  -1   0
  0   0   0   0   0   0   0   0   0   0   0   0   0   0   0   0   0   0   0   0   0   0   0   0   0   0   0   0   0   0   0   0   0   0   0   0   0   0   0   0   0   0   0   0   0   0   0   0   0   0   0   0   0   0   0   0   0   0   0   0   0   0   0   0   0   0   0   0   0   0   0   0   0   0   0   0   0   0   0   0   0   0   0   0   0   0   0   0   0   0   0   0   0   0  23 -23   0   0   0   0   0   0   0   0   0  -1   2  -1   0   0   0   0   0   0   0   0   0  -1   2  -1   0   0   0   0   0   0   0   0   0  -1   2  -1   0   0   0   0   0   0   0   0   0  -1   2  -1
  0   0   0   0   0   0   0   0   0   0   0   0   0   0   0   0   0   0   0   0   0   0   0   0   0   0   0   0   0   0   0   0   0   0   0   0   0   0   0   0   0   0   0   0   0   0   0   0   0   0   0   0   0   0   0   0   0   0   0   0   0   0   0   0   0   0   0   0   0   0   0   0   0   0   0   0   0   0   0   0   0   0   0   0   0   0   0   0   0   0   0   0   0   0   0  23   0   0   0   0   0   0   0   0   0   0  -1   2   0   0   0   0   0   0   0   0   0   0  -1   2   0   0   0   0   0   0   0   0   0   0  -1   2   0   0   0   0   0   0   0   0   0   0  -1   2
  0   0   0   0   0   0   0   0   0   0   0   0   0   0   0   0   0   0   0   0   0   0   0   0   0   0   0   0   0   0   0   0   0   0   0   0   0   0   0   0   0   0   0   0   0   0   0   0   0   0   0   0   0   0   0   0   0   0   0   0   0   0   0   0   0   0   0   0   0   0   0   0   0   0   0   0   0   0   0   0   0   0   0   0   0   0   0   0   0   0   0   0   0   0   0   0 -23 -23   0   0   0   0   0   0   0   0   0   0   1  -1   0   0   0   0   0   0   0   0   0   0   1  -1   0   0   0   0   0   0   0   0   0   0   1  -1   0   0   0   0   0   0   0   0   0   0
  0   0   0   0   0   0   0   0   0   0   0   0   0   0   0   0   0   0   0   0   0   0   0   0   0   0   0   0   0   0   0   0   0   0   0   0   0   0   0   0   0   0   0   0   0   0   0   0   0   0   0   0   0   0   0   0   0   0   0   0   0   0   0   0   0   0   0   0   0   0   0   0   0   0   0   0   0   0   0   0   0   0   0   0   0   0   0   0   0   0   0   0   0   0   0   0   0  23 -23   0   0   0   0   0   0   0   0   0  -1   2  -1   0   0   0   0   0   0   0   0   0  -1   2  -1   0   0   0   0   0   0   0   0   0  -1   2  -1   0   0   0   0   0   0   0   0   0
  0   0   0   0   0   0   0   0   0   0   0   0   0   0   0   0   0   0   0   0   0   0   0   0   0   0   0   0   0   0   0   0   0   0   0   0   0   0   0   0   0   0   0   0   0   0   0   0   0   0   0   0   0   0   0   0   0   0   0   0   0   0   0   0   0   0   0   0   0   0   0   0   0   0   0   0   0   0   0   0   0   0   0   0   0   0   0   0   0   0   0   0   0   0   0   0   0   0  23 -23   0   0   0   0   0   0   0   0   0  -1   2  -1   0   0   0   0   0   0   0   0   0  -1   2  -1   0   0   0   0   0   0   0   0   0  -1   2  -1   0   0   0   0   0   0   0   0
  0   0   0   0   0   0   0   0   0   0   0   0   0   0   0   0   0   0   0   0   0   0   0   0   0   0   0   0   0   0   0   0   0   0   0   0   0   0   0   0   0   0   0   0   0   0   0   0   0   0   0   0   0   0   0   0   0   0   0   0   0   0   0   0   0   0   0   0   0   0   0   0   0   0   0   0   0   0   0   0   0   0   0   0   0   0   0   0   0   0   0   0   0   0   0   0   0   0   0  23 -23   0   0   0   0   0   0   0   0   0  -1   2  -1   0   0   0   0   0   0   0   0   0  -1   2  -1   0   0   0   0   0   0   0   0   0  -1   2  -1   0   0   0   0   0   0   0
  0   0   0   0   0   0   0   0   0   0   0   0   0   0   0   0   0   0   0   0   0   0   0   0   0   0   0   0   0   0   0   0   0   0   0   0   0   0   0   0   0   0   0   0   0   0   0   0   0   0   0   0   0   0   0   0   0   0   0   0   0   0   0   0   0   0   0   0   0   0   0   0   0   0   0   0   0   0   0   0   0   0   0   0   0   0   0   0   0   0   0   0   0   0   0   0   0   0   0   0  23 -23   0   0   0   0   0   0   0   0   0  -1   2  -1   0   0   0   0   0   0   0   0   0  -1   2  -1   0   0   0   0   0   0   0   0   0  -1   2  -1   0   0   0   0   0   0
  0   0   0   0   0   0   0   0   0   0   0   0   0   0   0   0   0   0   0   0   0   0   0   0   0   0   0   0   0   0   0   0   0   0   0   0   0   0   0   0   0   0   0   0   0   0   0   0   0   0   0   0   0   0   0   0   0   0   0   0   0   0   0   0   0   0   0   0   0   0   0   0   0   0   0   0   0   0   0   0   0   0   0   0   0   0   0   0   0   0   0   0   0   0   0   0   0   0   0   0   0  23 -23   0   0   0   0   0   0   0   0   0  -1   2  -1   0   0   0   0   0   0   0   0   0  -1   2  -1   0   0   0   0   0   0   0   0   0  -1   2  -1   0   0   0   0   0
  0   0   0   0   0   0   0   0   0   0   0   0   0   0   0   0   0   0   0   0   0   0   0   0   0   0   0   0   0   0   0   0   0   0   0   0   0   0   0   0   0   0   0   0   0   0   0   0   0   0   0   0   0   0   0   0   0   0   0   0   0   0   0   0   0   0   0   0   0   0   0   0   0   0   0   0   0   0   0   0   0   0   0   0   0   0   0   0   0   0   0   0   0   0   0   0   0   0   0   0   0   0  23 -23   0   0   0   0   0   0   0   0   0  -1   2  -1   0   0   0   0   0   0   0   0   0  -1   2  -1   0   0   0   0   0   0   0   0   0  -1   2  -1   0   0   0   0
  0   0   0   0   0   0   0   0   0   0   0   0   0   0   0   0   0   0   0   0   0   0   0   0   0   0   0   0   0   0   0   0   0   0   0   0   0   0   0   0   0   0   0   0   0   0   0   0   0   0   0   0   0   0   0   0   0   0   0   0   0   0   0   0   0   0   0   0   0   0   0   0   0   0   0   0   0   0   0   0   0   0   0   0   0   0   0   0   0   0   0   0   0   0   0   0   0   0   0   0   0   0   0  23 -23   0   0   0   0   0   0   0   0   0  -1   2  -1   0   0   0   0   0   0   0   0   0  -1   2  -1   0   0   0   0   0   0   0   0   0  -1   2  -1   0   0   0
  0   0   0   0   0   0   0   0   0   0   0   0   0   0   0   0   0   0   0   0   0   0   0   0   0   0   0   0   0   0   0   0   0   0   0   0   0   0   0   0   0   0   0   0   0   0   0   0   0   0   0   0   0   0   0   0   0   0   0   0   0   0   0   0   0   0   0   0   0   0   0   0   0   0   0   0   0   0   0   0   0   0   0   0   0   0   0   0   0   0   0   0   0   0   0   0   0   0   0   0   0   0   0   0  23 -23   0   0   0   0   0   0   0   0   0  -1   2  -1   0   0   0   0   0   0   0   0   0  -1   2  -1   0   0   0   0   0   0   0   0   0  -1   2  -1   0   0
  0   0   0   0   0   0   0   0   0   0   0   0   0   0   0   0   0   0   0   0   0   0   0   0   0   0   0   0   0   0   0   0   0   0   0   0   0   0   0   0   0   0   0   0   0   0   0   0   0   0   0   0   0   0   0   0   0   0   0   0   0   0   0   0   0   0   0   0   0   0   0   0   0   0   0   0   0   0   0   0   0   0   0   0   0   0   0   0   0   0   0   0   0   0   0   0   0   0   0   0   0   0   0   0   0  23 -23   0   0   0   0   0   0   0   0   0  -1   2  -1   0   0   0   0   0   0   0   0   0  -1   2  -1   0   0   0   0   0   0   0   0   0  -1   2  -1   0
  0   0   0   0   0   0   0   0   0   0   0   0   0   0   0   0   0   0   0   0   0   0   0   0   0   0   0   0   0   0   0   0   0   0   0   0   0   0   0   0   0   0   0   0   0   0   0   0   0   0   0   0   0   0   0   0   0   0   0   0   0   0   0   0   0   0   0   0   0   0   0   0   0   0   0   0   0   0   0   0   0   0   0   0   0   0   0   0   0   0   0   0   0   0   0   0   0   0   0   0   0   0   0   0   0   0  23 -23   0   0   0   0   0   0   0   0   0  -1   2  -1   0   0   0   0   0   0   0   0   0  -1   2  -1   0   0   0   0   0   0   0   0   0  -1   2  -1
  0   0   0   0   0   0   0   0   0   0   0   0   0   0   0   0   0   0   0   0   0   0   0   0   0   0   0   0   0   0   0   0   0   0   0   0   0   0   0   0   0   0   0   0   0   0   0   0   0   0   0   0   0   0   0   0   0   0   0   0   0   0   0   0   0   0   0   0   0   0   0   0   0   0   0   0   0   0   0   0   0   0   0   0   0   0   0   0   0   0   0   0   0   0   0   0   0   0   0   0   0   0   0   0   0   0   0  23   0   0   0   0   0   0   0   0   0   0  -1   2   0   0   0   0   0   0   0   0   0   0  -1   2   0   0   0   0   0   0   0   0   0   0  -1   2
  0   0   0   0   0   0   0   0   0   0   0   0   0   0   0   0   0   0   0   0   0   0   0   0   0   0   0   0   0   0   0   0   0   0   0   0   0   0   0   0   0   0   0   0   0   0   0   0   0   0   0   0   0   0   0   0   0   0   0   0   0   0   0   0   0   0   0   0   0   0   0   0   0   0   0   0   0   0   0   0   0   0   0   0   0   0   0   0   0   0   0   0   0   0   0   0   0   0   0   0   0   0   0   0   0   0   0   0 -23 -23   0   0   0   0   0   0   0   0   0   0   1  -1   0   0   0   0   0   0   0   0   0   0   1  -1   0   0   0   0   0   0   0   0   0   0
  0   0   0   0   0   0   0   0   0   0   0   0   0   0   0   0   0   0   0   0   0   0   0   0   0   0   0   0   0   0   0   0   0   0   0   0   0   0   0   0   0   0   0   0   0   0   0   0   0   0   0   0   0   0   0   0   0   0   0   0   0   0   0   0   0   0   0   0   0   0   0   0   0   0   0   0   0   0   0   0   0   0   0   0   0   0   0   0   0   0   0   0   0   0   0   0   0   0   0   0   0   0   0   0   0   0   0   0   0  23 -23   0   0   0   0   0   0   0   0   0  -1   2  -1   0   0   0   0   0   0   0   0   0  -1   2  -1   0   0   0   0   0   0   0   0   0
  0   0   0   0   0   0   0   0   0   0   0   0   0   0   0   0   0   0   0   0   0   0   0   0   0   0   0   0   0   0   0   0   0   0   0   0   0   0   0   0   0   0   0   0   0   0   0   0   0   0   0   0   0   0   0   0   0   0   0   0   0   0   0   0   0   0   0   0   0   0   0   0   0   0   0   0   0   0   0   0   0   0   0   0   0   0   0   0   0   0   0   0   0   0   0   0   0   0   0   0   0   0   0   0   0   0   0   0   0   0  23 -23   0   0   0   0   0   0   0   0   0  -1   2  -1   0   0   0   0   0   0   0   0   0  -1   2  -1   0   0   0   0   0   0   0   0
  0   0   0   0   0   0   0   0   0   0   0   0   0   0   0   0   0   0   0   0   0   0   0   0   0   0   0   0   0   0   0   0   0   0   0   0   0   0   0   0   0   0   0   0   0   0   0   0   0   0   0   0   0   0   0   0   0   0   0   0   0   0   0   0   0   0   0   0   0   0   0   0   0   0   0   0   0   0   0   0   0   0   0   0   0   0   0   0   0   0   0   0   0   0   0   0   0   0   0   0   0   0   0   0   0   0   0   0   0   0   0  23 -23   0   0   0   0   0   0   0   0   0  -1   2  -1   0   0   0   0   0   0   0   0   0  -1   2  -1   0   0   0   0   0   0   0
  0   0   0   0   0   0   0   0   0   0   0   0   0   0   0   0   0   0   0   0   0   0   0   0   0   0   0   0   0   0   0   0   0   0   0   0   0   0   0   0   0   0   0   0   0   0   0   0   0   0   0   0   0   0   0   0   0   0   0   0   0   0   0   0   0   0   0   0   0   0   0   0   0   0   0   0   0   0   0   0   0   0   0   0   0   0   0   0   0   0   0   0   0   0   0   0   0   0   0   0   0   0   0   0   0   0   0   0   0   0   0   0  23 -23   0   0   0   0   0   0   0   0   0  -1   2  -1   0   0   0   0   0   0   0   0   0  -1   2  -1   0   0   0   0   0   0
  0   0   0   0   0   0   0   0   0   0   0   0   0   0   0   0   0   0   0   0   0   0   0   0   0   0   0   0   0   0   0   0   0   0   0   0   0   0   0   0   0   0   0   0   0   0   0   0   0   0   0   0   0   0   0   0   0   0   0   0   0   0   0   0   0   0   0   0   0   0   0   0   0   0   0   0   0   0   0   0   0   0   0   0   0   0   0   0   0   0   0   0   0   0   0   0   0   0   0   0   0   0   0   0   0   0   0   0   0   0   0   0   0  23 -23   0   0   0   0   0   0   0   0   0  -1   2  -1   0   0   0   0   0   0   0   0   0  -1   2  -1   0   0   0   0   0
  0   0   0   0   0   0   0   0   0   0   0   0   0   0   0   0   0   0   0   0   0   0   0   0   0   0   0   0   0   0   0   0   0   0   0   0   0   0   0   0   0   0   0   0   0   0   0   0   0   0   0   0   0   0   0   0   0   0   0   0   0   0   0   0   0   0   0   0   0   0   0   0   0   0   0   0   0   0   0   0   0   0   0   0   0   0   0   0   0   0   0   0   0   0   0   0   0   0   0   0   0   0   0   0   0   0   0   0   0   0   0   0   0   0  23 -23   0   0   0   0   0   0   0   0   0  -1   2  -1   0   0   0   0   0   0   0   0   0  -1   2  -1   0   0   0   0
  0   0   0   0   0   0   0   0   0   0   0   0   0   0   0   0   0   0   0   0   0   0   0   0   0   0   0   0   0   0   0   0   0   0   0   0   0   0   0   0   0   0   0   0   0   0   0   0   0   0   0   0   0   0   0   0   0   0   0   0   0   0   0   0   0   0   0   0   0   0   0   0   0   0   0   0   0   0   0   0   0   0   0   0   0   0   0   0   0   0   0   0   0   0   0   0   0   0   0   0   0   0   0   0   0   0   0   0   0   0   0   0   0   0   0  23 -23   0   0   0   0   0   0   0   0   0  -1   2  -1   0   0   0   0   0   0   0   0   0  -1   2  -1   0   0   0
  0   0   0   0   0   0   0   0   0   0   0   0   0   0   0   0   0   0   0   0   0   0   0   0   0   0   0   0   0   0   0   0   0   0   0   0   0   0   0   0   0   0   0   0   0   0   0   0   0   0   0   0   0   0   0   0   0   0   0   0   0   0   0   0   0   0   0   0   0   0   0   0   0   0   0   0   0   0   0   0   0   0   0   0   0   0   0   0   0   0   0   0   0   0   0   0   0   0   0   0   0   0   0   0   0   0   0   0   0   0   0   0   0   0   0   0  23 -23   0   0   0   0   0   0   0   0   0  -1   2  -1   0   0   0   0   0   0   0   0   0  -1   2  -1   0   0
  0   0   0   0   0   0   0   0   0   0   0   0   0   0   0   0   0   0   0   0   0   0   0   0   0   0   0   0   0   0   0   0   0   0   0   0   0   0   0   0   0   0   0   0   0   0   0   0   0   0   0   0   0   0   0   0   0   0   0   0   0   0   0   0   0   0   0   0   0   0   0   0   0   0   0   0   0   0   0   0   0   0   0   0   0   0   0   0   0   0   0   0   0   0   0   0   0   0   0   0   0   0   0   0   0   0   0   0   0   0   0   0   0   0   0   0   0  23 -23   0   0   0   0   0   0   0   0   0  -1   2  -1   0   0   0   0   0   0   0   0   0  -1   2  -1   0
  0   0   0   0   0   0   0   0   0   0   0   0   0   0   0   0   0   0   0   0   0   0   0   0   0   0   0   0   0   0   0   0   0   0   0   0   0   0   0   0   0   0   0   0   0   0   0   0   0   0   0   0   0   0   0   0   0   0   0   0   0   0   0   0   0   0   0   0   0   0   0   0   0   0   0   0   0   0   0   0   0   0   0   0   0   0   0   0   0   0   0   0   0   0   0   0   0   0   0   0   0   0   0   0   0   0   0   0   0   0   0   0   0   0   0   0   0   0  23 -23   0   0   0   0   0   0   0   0   0  -1   2  -1   0   0   0   0   0   0   0   0   0  -1   2  -1
  0   0   0   0   0   0   0   0   0   0   0   0   0   0   0   0   0   0   0   0   0   0   0   0   0   0   0   0   0   0   0   0   0   0   0   0   0   0   0   0   0   0   0   0   0   0   0   0   0   0   0   0   0   0   0   0   0   0   0   0   0   0   0   0   0   0   0   0   0   0   0   0   0   0   0   0   0   0   0   0   0   0   0   0   0   0   0   0   0   0   0   0   0   0   0   0   0   0   0   0   0   0   0   0   0   0   0   0   0   0   0   0   0   0   0   0   0   0   0  23   0   0   0   0   0   0   0   0   0   0  -1   2   0   0   0   0   0   0   0   0   0   0  -1   2
  0   0   0   0   0   0   0   0   0   0   0   0   0   0   0   0   0   0   0   0   0   0   0   0   0   0   0   0   0   0   0   0   0   0   0   0   0   0   0   0   0   0   0   0   0   0   0   0   0   0   0   0   0   0   0   0   0   0   0   0   0   0   0   0   0   0   0   0   0   0   0   0   0   0   0   0   0   0   0   0   0   0   0   0   0   0   0   0   0   0   0   0   0   0   0   0   0   0   0   0   0   0   0   0   0   0   0   0   0   0   0   0   0   0   0   0   0   0   0   0 -23 -23   0   0   0   0   0   0   0   0   0   0   1  -1   0   0   0   0   0   0   0   0   0   0
  0   0   0   0   0   0   0   0   0   0   0   0   0   0   0   0   0   0   0   0   0   0   0   0   0   0   0   0   0   0   0   0   0   0   0   0   0   0   0   0   0   0   0   0   0   0   0   0   0   0   0   0   0   0   0   0   0   0   0   0   0   0   0   0   0   0   0   0   0   0   0   0   0   0   0   0   0   0   0   0   0   0   0   0   0   0   0   0   0   0   0   0   0   0   0   0   0   0   0   0   0   0   0   0   0   0   0   0   0   0   0   0   0   0   0   0   0   0   0   0   0  23 -23   0   0   0   0   0   0   0   0   0  -1   2  -1   0   0   0   0   0   0   0   0   0
  0   0   0   0   0   0   0   0   0   0   0   0   0   0   0   0   0   0   0   0   0   0   0   0   0   0   0   0   0   0   0   0   0   0   0   0   0   0   0   0   0   0   0   0   0   0   0   0   0   0   0   0   0   0   0   0   0   0   0   0   0   0   0   0   0   0   0   0   0   0   0   0   0   0   0   0   0   0   0   0   0   0   0   0   0   0   0   0   0   0   0   0   0   0   0   0   0   0   0   0   0   0   0   0   0   0   0   0   0   0   0   0   0   0   0   0   0   0   0   0   0   0  23 -23   0   0   0   0   0   0   0   0   0  -1   2  -1   0   0   0   0   0   0   0   0
  0   0   0   0   0   0   0   0   0   0   0   0   0   0   0   0   0   0   0   0   0   0   0   0   0   0   0   0   0   0   0   0   0   0   0   0   0   0   0   0   0   0   0   0   0   0   0   0   0   0   0   0   0   0   0   0   0   0   0   0   0   0   0   0   0   0   0   0   0   0   0   0   0   0   0   0   0   0   0   0   0   0   0   0   0   0   0   0   0   0   0   0   0   0   0   0   0   0   0   0   0   0   0   0   0   0   0   0   0   0   0   0   0   0   0   0   0   0   0   0   0   0   0  23 -23   0   0   0   0   0   0   0   0   0  -1   2  -1   0   0   0   0   0   0   0
  0   0   0   0   0   0   0   0   0   0   0   0   0   0   0   0   0   0   0   0   0   0   0   0   0   0   0   0   0   0   0   0   0   0   0   0   0   0   0   0   0   0   0   0   0   0   0   0   0   0   0   0   0   0   0   0   0   0   0   0   0   0   0   0   0   0   0   0   0   0   0   0   0   0   0   0   0   0   0   0   0   0   0   0   0   0   0   0   0   0   0   0   0   0   0   0   0   0   0   0   0   0   0   0   0   0   0   0   0   0   0   0   0   0   0   0   0   0   0   0   0   0   0   0  23 -23   0   0   0   0   0   0   0   0   0  -1   2  -1   0   0   0   0   0   0
  0   0   0   0   0   0   0   0   0   0   0   0   0   0   0   0   0   0   0   0   0   0   0   0   0   0   0   0   0   0   0   0   0   0   0   0   0   0   0   0   0   0   0   0   0   0   0   0   0   0   0   0   0   0   0   0   0   0   0   0   0   0   0   0   0   0   0   0   0   0   0   0   0   0   0   0   0   0   0   0   0   0   0   0   0   0   0   0   0   0   0   0   0   0   0   0   0   0   0   0   0   0   0   0   0   0   0   0   0   0   0   0   0   0   0   0   0   0   0   0   0   0   0   0   0  23 -23   0   0   0   0   0   0   0   0   0  -1   2  -1   0   0   0   0   0
  0   0   0   0   0   0   0   0   0   0   0   0   0   0   0   0   0   0   0   0   0   0   0   0   0   0   0   0   0   0   0   0   0   0   0   0   0   0   0   0   0   0   0   0   0   0   0   0   0   0   0   0   0   0   0   0   0   0   0   0   0   0   0   0   0   0   0   0   0   0   0   0   0   0   0   0   0   0   0   0   0   0   0   0   0   0   0   0   0   0   0   0   0   0   0   0   0   0   0   0   0   0   0   0   0   0   0   0   0   0   0   0   0   0   0   0   0   0   0   0   0   0   0   0   0   0  23 -23   0   0   0   0   0   0   0   0   0  -1   2  -1   0   0   0   0
  0   0   0   0   0   0   0   0   0   0   0   0   0   0   0   0   0   0   0   0   0   0   0   0   0   0   0   0   0   0   0   0   0   0   0   0   0   0   0   0   0   0   0   0   0   0   0   0   0   0   0   0   0   0   0   0   0   0   0   0   0   0   0   0   0   0   0   0   0   0   0   0   0   0   0   0   0   0   0   0   0   0   0   0   0   0   0   0   0   0   0   0   0   0   0   0   0   0   0   0   0   0   0   0   0   0   0   0   0   0   0   0   0   0   0   0   0   0   0   0   0   0   0   0   0   0   0  23 -23   0   0   0   0   0   0   0   0   0  -1   2  -1   0   0   0
  0   0   0   0   0   0   0   0   0   0   0   0   0   0   0   0   0   0   0   0   0   0   0   0   0   0   0   0   0   0   0   0   0   0   0   0   0   0   0   0   0   0   0   0   0   0   0   0   0   0   0   0   0   0   0   0   0   0   0   0   0   0   0   0   0   0   0   0   0   0   0   0   0   0   0   0   0   0   0   0   0   0   0   0   0   0   0   0   0   0   0   0   0   0   0   0   0   0   0   0   0   0   0   0   0   0   0   0   0   0   0   0   0   0   0   0   0   0   0   0   0   0   0   0   0   0   0   0  23 -23   0   0   0   0   0   0   0   0   0  -1   2  -1   0   0
  0   0   0   0   0   0   0   0   0   0   0   0   0   0   0   0   0   0   0   0   0   0   0   0   0   0   0   0   0   0   0   0   0   0   0   0   0   0   0   0   0   0   0   0   0   0   0   0   0   0   0   0   0   0   0   0   0   0   0   0   0   0   0   0   0   0   0   0   0   0   0   0   0   0   0   0   0   0   0   0   0   0   0   0   0   0   0   0   0   0   0   0   0   0   0   0   0   0   0   0   0   0   0   0   0   0   0   0   0   0   0   0   0   0   0   0   0   0   0   0   0   0   0   0   0   0   0   0   0  23 -23   0   0   0   0   0   0   0   0   0  -1   2  -1   0
  0   0   0   0   0   0   0   0   0   0   0   0   0   0   0   0   0   0   0   0   0   0   0   0   0   0   0   0   0   0   0   0   0   0   0   0   0   0   0   0   0   0   0   0   0   0   0   0   0   0   0   0   0   0   0   0   0   0   0   0   0   0   0   0   0   0   0   0   0   0   0   0   0   0   0   0   0   0   0   0   0   0   0   0   0   0   0   0   0   0   0   0   0   0   0   0   0   0   0   0   0   0   0   0   0   0   0   0   0   0   0   0   0   0   0   0   0   0   0   0   0   0   0   0   0   0   0   0   0   0  23 -23   0   0   0   0   0   0   0   0   0  -1   2  -1
  0   0   0   0   0   0   0   0   0   0   0   0   0   0   0   0   0   0   0   0   0   0   0   0   0   0   0   0   0   0   0   0   0   0   0   0   0   0   0   0   0   0   0   0   0   0   0   0   0   0   0   0   0   0   0   0   0   0   0   0   0   0   0   0   0   0   0   0   0   0   0   0   0   0   0   0   0   0   0   0   0   0   0   0   0   0   0   0   0   0   0   0   0   0   0   0   0   0   0   0   0   0   0   0   0   0   0   0   0   0   0   0   0   0   0   0   0   0   0   0   0   0   0   0   0   0   0   0   0   0   0  23   0   0   0   0   0   0   0   0   0   0  -1   2
  0   0   0   0   0   0   0   0   0   0   0   0   0   0   0   0   0   0   0   0   0   0   0   0   0   0   0   0   0   0   0   0   0   0   0   0   0   0   0   0   0   0   0   0   0   0   0   0   0   0   0   0   0   0   0   0   0   0   0   0   0   0   0   0   0   0   0   0   0   0   0   0   0   0   0   0   0   0   0   0   0   0   0   0   0   0   0   0   0   0   0   0   0   0   0   0   0   0   0   0   0   0   0   0   0   0   0   0   0   0   0   0   0   0   0   0   0   0   0   0   0   0   0   0   0   0   0   0   0   0   0   0 -23 -23   0   0   0   0   0   0   0   0   0   0
  0   0   0   0   0   0   0   0   0   0   0   0   0   0   0   0   0   0   0   0   0   0   0   0   0   0   0   0   0   0   0   0   0   0   0   0   0   0   0   0   0   0   0   0   0   0   0   0   0   0   0   0   0   0   0   0   0   0   0   0   0   0   0   0   0   0   0   0   0   0   0   0   0   0   0   0   0   0   0   0   0   0   0   0   0   0   0   0   0   0   0   0   0   0   0   0   0   0   0   0   0   0   0   0   0   0   0   0   0   0   0   0   0   0   0   0   0   0   0   0   0   0   0   0   0   0   0   0   0   0   0   0   0  23 -23   0   0   0   0   0   0   0   0   0
  0   0   0   0   0   0   0   0   0   0   0   0   0   0   0   0   0   0   0   0   0   0   0   0   0   0   0   0   0   0   0   0   0   0   0   0   0   0   0   0   0   0   0   0   0   0   0   0   0   0   0   0   0   0   0   0   0   0   0   0   0   0   0   0   0   0   0   0   0   0   0   0   0   0   0   0   0   0   0   0   0   0   0   0   0   0   0   0   0   0   0   0   0   0   0   0   0   0   0   0   0   0   0   0   0   0   0   0   0   0   0   0   0   0   0   0   0   0   0   0   0   0   0   0   0   0   0   0   0   0   0   0   0   0  23 -23   0   0   0   0   0   0   0   0
  0   0   0   0   0   0   0   0   0   0   0   0   0   0   0   0   0   0   0   0   0   0   0   0   0   0   0   0   0   0   0   0   0   0   0   0   0   0   0   0   0   0   0   0   0   0   0   0   0   0   0   0   0   0   0   0   0   0   0   0   0   0   0   0   0   0   0   0   0   0   0   0   0   0   0   0   0   0   0   0   0   0   0   0   0   0   0   0   0   0   0   0   0   0   0   0   0   0   0   0   0   0   0   0   0   0   0   0   0   0   0   0   0   0   0   0   0   0   0   0   0   0   0   0   0   0   0   0   0   0   0   0   0   0   0  23 -23   0   0   0   0   0   0   0
  0   0   0   0   0   0   0   0   0   0   0   0   0   0   0   0   0   0   0   0   0   0   0   0   0   0   0   0   0   0   0   0   0   0   0   0   0   0   0   0   0   0   0   0   0   0   0   0   0   0   0   0   0   0   0   0   0   0   0   0   0   0   0   0   0   0   0   0   0   0   0   0   0   0   0   0   0   0   0   0   0   0   0   0   0   0   0   0   0   0   0   0   0   0   0   0   0   0   0   0   0   0   0   0   0   0   0   0   0   0   0   0   0   0   0   0   0   0   0   0   0   0   0   0   0   0   0   0   0   0   0   0   0   0   0   0  23 -23   0   0   0   0   0   0
  0   0   0   0   0   0   0   0   0   0   0   0   0   0   0   0   0   0   0   0   0   0   0   0   0   0   0   0   0   0   0   0   0   0   0   0   0   0   0   0   0   0   0   0   0   0   0   0   0   0   0   0   0   0   0   0   0   0   0   0   0   0   0   0   0   0   0   0   0   0   0   0   0   0   0   0   0   0   0   0   0   0   0   0   0   0   0   0   0   0   0   0   0   0   0   0   0   0   0   0   0   0   0   0   0   0   0   0   0   0   0   0   0   0   0   0   0   0   0   0   0   0   0   0   0   0   0   0   0   0   0   0   0   0   0   0   0  23 -23   0   0   0   0   0
  0   0   0   0   0   0   0   0   0   0   0   0   0   0   0   0   0   0   0   0   0   0   0   0   0   0   0   0   0   0   0   0   0   0   0   0   0   0   0   0   0   0   0   0   0   0   0   0   0   0   0   0   0   0   0   0   0   0   0   0   0   0   0   0   0   0   0   0   0   0   0   0   0   0   0   0   0   0   0   0   0   0   0   0   0   0   0   0   0   0   0   0   0   0   0   0   0   0   0   0   0   0   0   0   0   0   0   0   0   0   0   0   0   0   0   0   0   0   0   0   0   0   0   0   0   0   0   0   0   0   0   0   0   0   0   0   0   0  23 -23   0   0   0   0
  0   0   0   0   0   0   0   0   0   0   0   0   0   0   0   0   0   0   0   0   0   0   0   0   0   0   0   0   0   0   0   0   0   0   0   0   0   0   0   0   0   0   0   0   0   0   0   0   0   0   0   0   0   0   0   0   0   0   0   0   0   0   0   0   0   0   0   0   0   0   0   0   0   0   0   0   0   0   0   0   0   0   0   0   0   0   0   0   0   0   0   0   0   0   0   0   0   0   0   0   0   0   0   0   0   0   0   0   0   0   0   0   0   0   0   0   0   0   0   0   0   0   0   0   0   0   0   0   0   0   0   0   0   0   0   0   0   0   0  23 -23   0   0   0
  0   0   0   0   0   0   0   0   0   0   0   0   0   0   0   0   0   0   0   0   0   0   0   0   0   0   0   0   0   0   0   0   0   0   0   0   0   0   0   0   0   0   0   0   0   0   0   0   0   0   0   0   0   0   0   0   0   0   0   0   0   0   0   0   0   0   0   0   0   0   0   0   0   0   0   0   0   0   0   0   0   0   0   0   0   0   0   0   0   0   0   0   0   0   0   0   0   0   0   0   0   0   0   0   0   0   0   0   0   0   0   0   0   0   0   0   0   0   0   0   0   0   0   0   0   0   0   0   0   0   0   0   0   0   0   0   0   0   0   0  23 -23   0   0
  0   0   0   0   0   0   0   0   0   0   0   0   0   0   0   0   0   0   0   0   0   0   0   0   0   0   0   0   0   0   0   0   0   0   0   0   0   0   0   0   0   0   0   0   0   0   0   0   0   0   0   0   0   0   0   0   0   0   0   0   0   0   0   0   0   0   0   0   0   0   0   0   0   0   0   0   0   0   0   0   0   0   0   0   0   0   0   0   0   0   0   0   0   0   0   0   0   0   0   0   0   0   0   0   0   0   0   0   0   0   0   0   0   0   0   0   0   0   0   0   0   0   0   0   0   0   0   0   0   0   0   0   0   0   0   0   0   0   0   0   0  23 -23   0
  0   0   0   0   0   0   0   0   0   0   0   0   0   0   0   0   0   0   0   0   0   0   0   0   0   0   0   0   0   0   0   0   0   0   0   0   0   0   0   0   0   0   0   0   0   0   0   0   0   0   0   0   0   0   0   0   0   0   0   0   0   0   0   0   0   0   0   0   0   0   0   0   0   0   0   0   0   0   0   0   0   0   0   0   0   0   0   0   0   0   0   0   0   0   0   0   0   0   0   0   0   0   0   0   0   0   0   0   0   0   0   0   0   0   0   0   0   0   0   0   0   0   0   0   0   0   0   0   0   0   0   0   0   0   0   0   0   0   0   0   0   0  23 -23
  0   0   0   0   0   0   0   0   0   0   0   0   0   0   0   0   0   0   0   0   0   0   0   0   0   0   0   0   0   0   0   0   0   0   0   0   0   0   0   0   0   0   0   0   0   0   0   0   0   0   0   0   0   0   0   0   0   0   0   0   0   0   0   0   0   0   0   0   0   0   0   0   0   0   0   0   0   0   0   0   0   0   0   0   0   0   0   0   0   0   0   0   0   0   0   0   0   0   0   0   0   0   0   0   0   0   0   0   0   0   0   0   0   0   0   0   0   0   0   0   0   0   0   0   0   0   0   0   0   0   0   0   0   0   0   0   0   0   0   0   0   0   0  23

Min scalar = -276
0
Solution 1
0 1 0 0 0 0 0 0 0 0 0 0 0 0 0 