
Constraints satisfied: true
Unary encoding
Best objective function cost: 1

Q matrix:
-6 -6  0  0  1 -1  0  0  1 -1  0  0  1 -1  0  0
 0  6 -6  0 -1  2  0  0  0  0  0  0  0  0  0  0
 0  0  6 -6  1 -2  0  0 -1  2  0  0  0  0  0  0
 0  0  0  6  0  0  0  0  1 -2  0  0 -1  2  0  0
 0  0  0  0 -6 -6  0  0  0  1 -1  0  0  1 -1  0
 0  0  0  0  0  6 -6  0  0  0  0  0  0  0  0  0
 0  0  0  0  0  0  6 -6  1 -2  2  0  0  0  0  0
 0  0  0  0  0  0  0  6 -1  2 -2  0  1 -2  2  0
 0  0  0  0  0  0  0  0 -6 -6  0  0  0  0  1 -1
 0  0  0  0  0  0  0  0  0  6 -6  0  0  0  0  0
 0  0  0  0  0  0  0  0  0  0  6 -6  0  0  0  0
 0  0  0  0  0  0  0  0  0  0  0  6  1  0 -2  2
 0  0  0  0  0  0  0  0  0  0  0  0 -6 -6  0  0
 0  0  0  0  0  0  0  0  0  0  0  0  0  6 -6  0
 0  0  0  0  0  0  0  0  0  0  0  0  0  0  6 -6
 0  0  0  0  0  0  0  0  0  0  0  0  0  0  0  6

Min scalar = -24
0
Solution 1
0 0 0 0 0 0 0 0 0 0 0 1 0 0 0 