
Constraints satisfied: true
Unary encoding
Best objective function cost: 1

Q matrix:
-5 -5  0  0  0  0  0  2 -1 -1  0  0  0  0  2 -1 -1  0  0  0  0
 0  5 -5  0  0  0  0 -1  2  0 -1  0  0  0 -1  2  0 -1  0  0  0
 0  0  5 -5  0  0  0 -1  0  2  0 -1  0  0 -1  0  2  0 -1  0  0
 0  0  0  5 -5  0  0  0 -1  0  2  0 -1  0  0 -1  0  2  0 -1  0
 0  0  0  0  5 -5  0  0  0 -1  0  2  0 -1  0  0 -1  0  2  0 -1
 0  0  0  0  0  5 -5  0  0  0 -1  0  2  0  0  0  0 -1  0  2  0
 0  0  0  0  0  0  5  0  0  0  0 -1  0  2  0  0  0  0 -1  0  2
 0  0  0  0  0  0  0 -5 -5  0  0  0  0  0  2 -1 -1  0  0  0  0
 0  0  0  0  0  0  0  0  5 -5  0  0  0  0 -1  2  0 -1  0  0  0
 0  0  0  0  0  0  0  0  0  5 -5  0  0  0 -1  0  2  0 -1  0  0
 0  0  0  0  0  0  0  0  0  0  5 -5  0  0  0 -1  0  2  0 -1  0
 0  0  0  0  0  0  0  0  0  0  0  5 -5  0  0  0 -1  0  2  0 -1
 0  0  0  0  0  0  0  0  0  0  0  0  5 -5  0  0  0 -1  0  2  0
 0  0  0  0  0  0  0  0  0  0  0  0  0  5  0  0  0  0 -1  0  2
 0  0  0  0  0  0  0  0  0  0  0  0  0  0 -5 -5  0  0  0  0  0
 0  0  0  0  0  0  0  0  0  0  0  0  0  0  0  5 -5  0  0  0  0
 0  0  0  0  0  0  0  0  0  0  0  0  0  0  0  0  5 -5  0  0  0
 0  0  0  0  0  0  0  0  0  0  0  0  0  0  0  0  0  5 -5  0  0
 0  0  0  0  0  0  0  0  0  0  0  0  0  0  0  0  0  0  5 -5  0
 0  0  0  0  0  0  0  0  0  0  0  0  0  0  0  0  0  0  0  5 -5
 0  0  0  0  0  0  0  0  0  0  0  0  0  0  0  0  0  0  0  0  5

Min scalar = -15
0
Solution 1
0 0 0 0 0 0 0 0 0 0 0 0 1 0 0 