
Constraints satisfied: true
Unary encoding
Best objective function cost: 1

Q matrix:
-4 -4  0  0  0  0  0  0  0  0  0  0  0  0  0  0
 0  4 -4  0  1 -1  0  0  1 -1  0  0  1 -1  0  0
 0  0  4 -4  0  1 -1  0  0  1 -1  0  0  1 -1  0
 0  0  0  4  0  0  1 -1  0  0  1 -1  0  0  1 -1
 0  0  0  0 -4 -4  0  0  0  0  0  0  0  0  0  0
 0  0  0  0  0  4 -4  0  1 -1  0  0  1 -1  0  0
 0  0  0  0  0  0  4 -4  0  1 -1  0  0  1 -1  0
 0  0  0  0  0  0  0  4  0  0  1 -1  0  0  1 -1
 0  0  0  0  0  0  0  0 -4 -4  0  0  0  0  0  0
 0  0  0  0  0  0  0  0  0  4 -4  0  1 -1  0  0
 0  0  0  0  0  0  0  0  0  0  4 -4  0  1 -1  0
 0  0  0  0  0  0  0  0  0  0  0  4  0  0  1 -1
 0  0  0  0  0  0  0  0  0  0  0  0 -4 -4  0  0
 0  0  0  0  0  0  0  0  0  0  0  0  0  4 -4  0
 0  0  0  0  0  0  0  0  0  0  0  0  0  0  4 -4
 0  0  0  0  0  0  0  0  0  0  0  0  0  0  0  4

Min scalar = -16
0
Solution 1
0 0 0 1 0 0 0 0 0 0 0 0 0 0 0 