
Constraints satisfied: true
One-hot encoding
Best objective function cost: 3

Q matrix:
-1  2  2  2  0 -1 -1 -1  0 -1 -1 -1  0 -1 -1 -1
 0 -1  2  2 -1  0  1  1  1 -1 -1 -1  1 -1 -1 -1
 0  0 -1  2  1 -1 -1 -1 -1  1  0  1  1 -1 -1 -1
 0  0  0 -1  1 -1 -1 -1  1 -1 -1 -1 -1  1  1  0
 0  0  0  0 -1  2  2  2 -1  1 -1 -1 -1  1 -1 -1
 0  0  0  0  0 -1  2  2 -1  0 -1 -1 -1  0 -1 -1
 0  0  0  0  0  0 -1  2  1 -1  0  1 -1  1 -1 -1
 0  0  0  0  0  0  0 -1 -1  1 -1 -1  1 -1  1  0
 0  0  0  0  0  0  0  0 -1  2  2  2 -1 -1  1 -1
 0  0  0  0  0  0  0  0  0 -1  2  2 -1 -1  1 -1
 0  0  0  0  0  0  0  0  0  0 -1  2 -1 -1  0 -1
 0  0  0  0  0  0  0  0  0  0  0 -1  1  1 -1  0
 0  0  0  0  0  0  0  0  0  0  0  0 -1  2  2  2
 0  0  0  0  0  0  0  0  0  0  0  0  0 -1  2  2
 0  0  0  0  0  0  0  0  0  0  0  0  0  0 -1  2
 0  0  0  0  0  0  0  0  0  0  0  0  0  0  0 -1

Min scalar = -10
0
Solution 1
0 0 0 0 0 0 0 1 0 1 0 1 0 0 0 