
Constraints satisfied: true
One-hot encoding
Best objective function cost: 1

Q matrix:
-20   6   8  10   2   4   6   8   2   4   6   8   2   4   6   8
  0 -37  14  18   4   8  12  16   4   8  12  16   4   8  12  16
  0   0 -52  26   6  12  18  24   6  12  18  24   6  12  18  24
  0   0   0 -65   8  16  24  32   8  16  24  32   8  16  24  32
  0   0   0   0 -20   6   8  10   2   4   6   8   2   4   6   8
  0   0   0   0   0 -37  14  18   4   8  12  16   4   8  12  16
  0   0   0   0   0   0 -52  26   6  12  18  24   6  12  18  24
  0   0   0   0   0   0   0 -65   8  16  24  32   8  16  24  32
  0   0   0   0   0   0   0   0 -20   6   8  10   2   4   6   8
  0   0   0   0   0   0   0   0   0 -37  14  18   4   8  12  16
  0   0   0   0   0   0   0   0   0   0 -52  26   6  12  18  24
  0   0   0   0   0   0   0   0   0   0   0 -65   8  16  24  32
  0   0   0   0   0   0   0   0   0   0   0   0 -20   6   8  10
  0   0   0   0   0   0   0   0   0   0   0   0   0 -37  14  18
  0   0   0   0   0   0   0   0   0   0   0   0   0   0 -52  26
  0   0   0   0   0   0   0   0   0   0   0   0   0   0   0 -65

Min scalar = -104
0
Solution 1
1 0 0 0 0 0 0 0 0 0 0 0 0 0 1 