
Constraints satisfied: true
One-hot encoding
Best objective function cost: 1

Q matrix:
-1  2  2  2  2  2  2  2  1  0  0  0  0  0  2  1  0  0  0  0  0
 0 -1  2  2  2  2  2  1  2  1  0  0  0  0  1  2  1  0  0  0  0
 0  0 -1  2  2  2  2  0  1  2  1  0  0  0  0  1  2  1  0  0  0
 0  0  0 -1  2  2  2  0  0  1  2  1  0  0  0  0  1  2  1  0  0
 0  0  0  0 -1  2  2  0  0  0  1  2  1  0  0  0  0  1  2  1  0
 0  0  0  0  0 -1  2  0  0  0  0  1  2  1  0  0  0  0  1  2  1
 0  0  0  0  0  0 -1  0  0  0  0  0  1  2  0  0  0  0  0  1  2
 0  0  0  0  0  0  0 -1  2  2  2  2  2  2  2  1  0  0  0  0  0
 0  0  0  0  0  0  0  0 -1  2  2  2  2  2  1  2  1  0  0  0  0
 0  0  0  0  0  0  0  0  0 -1  2  2  2  2  0  1  2  1  0  0  0
 0  0  0  0  0  0  0  0  0  0 -1  2  2  2  0  0  1  2  1  0  0
 0  0  0  0  0  0  0  0  0  0  0 -1  2  2  0  0  0  1  2  1  0
 0  0  0  0  0  0  0  0  0  0  0  0 -1  2  0  0  0  0  1  2  1
 0  0  0  0  0  0  0  0  0  0  0  0  0 -1  0  0  0  0  0  1  2
 0  0  0  0  0  0  0  0  0  0  0  0  0  0 -1  2  2  2  2  2  2
 0  0  0  0  0  0  0  0  0  0  0  0  0  0  0 -1  2  2  2  2  2
 0  0  0  0  0  0  0  0  0  0  0  0  0  0  0  0 -1  2  2  2  2
 0  0  0  0  0  0  0  0  0  0  0  0  0  0  0  0  0 -1  2  2  2
 0  0  0  0  0  0  0  0  0  0  0  0  0  0  0  0  0  0 -1  2  2
 0  0  0  0  0  0  0  0  0  0  0  0  0  0  0  0  0  0  0 -1  2
 0  0  0  0  0  0  0  0  0  0  0  0  0  0  0  0  0  0  0  0 -1

Min scalar = -3
0
Solution 1
0 0 0 0 0 0 0 0 0 0 0 0 1 0 0 