000000001000000
010000000000000
000000001000000
000000001000000
010000000000000
010000000000000
000000001000000
000000001000000
010000000000000
000000001000000
000000001000000
010000000000000
010000000000000
000000001000000
000000001000000
000000001000000
000000001000000
010000000000000
000000001000000
000000001000000
000000001000000
010000000000000
000000001000000
000000001000000
010000000000000
010000000000000
010000000000000
000000001000000
010000000000000
000000001000000
000000001000000
000000001000000
000000001000000
000000001000000
000000001000000
010000000000000
000000001000000
010000000000000
000000001000000
000000001000000
000000001000000
010000000000000
010000000000000
010000000000000
000000001000000
010000000000000
010000000000000
010000000000000
010000000000000
000000001000000
010000000000000
000000001000000
000000001000000
010000000000000
010000000000000
000000001000000
010000000000000
010000000000000
010000000000000
000000001000000
000000001000000
010000000000000
000000001000000
010000000000000
010000000000000
000000001000000
000000001000000
000000001000000
000000001000000
000000001000000
000000001000000
000000001000000
000000001000000
000000001000000
000000001000000
000000001000000
000000001000000
010000000000000
010000000000000
010000000000000
000000001000000
000000001000000
000000001000000
000000001000000
000000001000000
000000001000000
000000001000000
010000000000000
010000000000000
010000000000000
010000000000000
010000000000000
000000001000000
000000001000000
010000000000000
000000001000000
000000001000000
010000000000000
000000001000000
010000000000000
