000000000001000
000000000001000
000000000001000
000000000001000
000000010000000
000000000001000
000000000001000
000000010000000
000000000010000
010000000000000
000000010000000
000000000001000
000000000010000
010000000000000
000000000001000
000000000001000
000000010000000
010000000000000
000000000001000
000000010000000
010000000000000
000000000010000
000000000001000
000000000010000
000000000001000
000000000010000
000000010000000
000000000001000
000000000010000
000000000001000
000000000001000
000000000010000
000000010000000
010000000000000
000000000010000
000000000010000
000000010000000
000000000010000
000000010000000
000000000001000
000000000001000
000000000001000
010000000000000
000000000010000
000000010000000
000000010000000
000000000010000
000000000010000
000000000001000
000000000010000
000000000001000
000000010000000
000000010000000
000000000010000
000000000001000
000000000001000
000000000001000
010000000000000
000000000010000
000000000001000
010000000000000
000000000001000
000000000010000
000000000010000
000000000001000
010000000000000
000000010000000
000000010000000
000000010000000
000000000001000
000000010000000
000000000001000
000000010000000
000000000010000
010000000000000
010000000000000
000000000010000
000000010000000
000000010000000
000000000001000
000000000010000
010000000000000
000000000001000
000000010000000
000000000001000
010000000000000
000000000010000
010000000000000
000000000001000
000000000001000
000000000001000
000000000010000
010000000000000
000000000001000
000000000001000
010000000000000
000000010000000
000000000001000
000000000001000
000000000010000
