010000000000000
010000000000000
010000000000000
010000000000000
010000000000000
000000010101000
010000000000000
010000000000000
010000000000000
010000000000000
010000000000000
010000000000000
010000000000000
010000000000000
010000000000000
010000000000000
000010100000000
010000000000000
010000000000000
010000000000000
010000000000000
010000000000000
010000000000000
010000000000000
010000000000000
010000000000000
010000000000000
010000000000000
010000000000000
010000000000000
010000000000000
010000000000000
010000000000000
010000000000000
010000000000000
010000000000000
010000000000000
010000000000000
010000000000000
010000000000000
010000000000000
010000000000000
010000000000000
010000000000000
010000000000000
010000000000000
010000000000000
010000000000000
010000000000000
010000000000000
010000000000000
010000000000000
010000000000000
010000000000000
010000000000000
010000000000000
010000000000000
010000000000000
010000000000000
010000000000000
010000000000000
010000000000000
010000000000000
010000000000000
010000000000000
010000000000000
010000000000000
010000000000000
010000000000000
010000000000000
010000000000000
010000000000000
010000000000000
010000000000000
010000000000000
010000000000000
010000000000000
010000000000000
010000000000000
010000000000000
010000000000000
010000000000000
010000000000000
010000000000000
010000000000000
010000000000000
010000000000000
010000000000000
010000000000000
010000000000000
010000000000000
010000000000000
010000000000000
010000000000000
010000000000000
010000000000000
010000000000000
010000000000000
010000000000000
010000000000000
