000100000000000
100000000000001
000000000000010
000100000000000
000000000000010
000000000000010
100000000000001
000010000000000
000000000000010
010000000000000
000000000000001
010000000000000
000000000000010
100000000000001
000100000000000
000000000000001
000000000000001
010000000000000
100000000000001
100000000000001
000100000000000
000000000000010
000000000000010
100000000000001
000100000000000
100000000000001
100000000000001
100000000000001
000100000000000
000000000000001
100000000000001
000000000000001
000000000000010
010000000000000
000000000000001
010000000000000
000100000000000
000000000000001
100000000000001
000000000000001
000000000000001
000000000000010
000000000000001
000000000000001
100000000000001
000000000000001
000000000000001
100000000000001
000000000000010
000100000000000
000000000000010
100000000000001
000000000000010
000000000000001
100000000000001
000100000000000
000000000000010
000000000000001
100000000000001
000000000000001
100000000000001
000000000000001
000000000000001
000100000000000
100000000000001
000000000000001
000000000000001
100000000000001
000000000000001
000000000000001
000000000000010
000000000000001
000000000000010
100000000000001
000000000000010
000000000000001
000000000000010
100000000000001
100000000000001
000000000000010
000000000000001
100000000000001
000000000000001
000000000000010
000000000000001
100000000000001
000000000000001
000000000000010
000100000000000
000000000000001
100000000000001
000000000000010
000000000000010
000000000000010
100000000000001
000000000000001
000010000000000
100000000000001
000000000000001
100000000000001
