000000000000100
000000000000100
000000000000100
000000000000100
000000000000100
000000000000100
000000000000100
000000000000100
000000000000100
000000000000100
000010100000000
000000000000100
000000000000100
000000000000100
000000000000100
000000000000100
000000000000100
000000000000100
000000000000100
000000000000100
000000000000100
000000000000100
000000000000100
000000000000100
000000000000100
000000000000100
000000000110100
000000000000100
000000000000100
000000000000100
000000000000100
000000000000100
000000000000100
000000000000100
000000000000100
000000000000100
000000000000100
000000000000100
000000000000100
000000000000100
000000000000100
000000000000100
000000000000100
000000000000100
000000000000100
000000000000100
000000000000100
000000000000100
000000000000100
000000000000100
000000000000100
000000000000100
000000000000100
000000000000100
000000000000100
000010100000000
000000000000100
000000000000100
000000000000100
000000000000100
000000000000100
000000000000100
000000000000100
000000000000100
000000000000100
000000000000100
000000000000100
000000000000100
000000000000100
000000000000100
000000000000100
000000000000100
000000000000100
000000000000100
000000000000100
000000000000100
000000000000100
000000000000100
000000000000100
000000000000100
000010100000000
000000000000100
000000000000100
000010100000100
000000000000100
000000000000100
000000000000100
000000000000100
000000000000100
000000001011100
000010100000100
000000000000100
000000000000100
000000000000100
000000000000100
000000000000100
000000000000100
000000000000100
000000000000100
000000000000100
