000000001000000
000000000100000
000000000000100
000000000001000
000001000000000
000000000000100
000000000100000
000001000000000
000000000000100
000000100000000
000000000001000
000000000100000
000000000000100
000000001000000
000000000100000
000000001000000
000000000100000
000001000000000
000000000000100
000000000001000
000000000001000
000000000001000
000000000001000
000000001000000
000000000000100
000000001000000
000001000000000
000000001000000
000000001000000
000000000100000
000001000000000
000000000001000
000001000000000
000000000000100
000000001000000
000000000100000
000000001000000
000000001000000
000000000100000
000000100000000
000000000001000
000000000100000
000000000001000
000000001000000
000000000000100
000001000000000
000000001000000
000000001000000
000000000000100
000000001000000
000000001000000
000000000001000
000000001000000
000000000100000
000000000001000
000000100000000
000000000100000
000000100000000
000000000001000
000000000001000
000000000001000
000000000000100
000000100000000
000000001000000
000000001000000
000000100000000
000000000001000
000000100000000
000000100000000
000000000100000
000000000000100
000000000100000
000000001000000
000000000100000
000000100000000
000000000100000
000000100000000
000000000000100
000000000100000
000000001000000
000000000001000
000000000001000
000000001000000
000001000000000
000000100000000
000000000100000
000001000000000
000001000000000
000000100000000
000000000100000
000000000000100
000000000000100
000000000000100
000000000001000
000000001000000
000000100000000
000000000001000
000000000000100
000000001000000
000000001000000
