000000000000100
000000000000100
000000000000100
000001000000000
000000000000100
000000000000100
000000000000100
000000000000100
000000000000100
000000000000100
000000000000100
000000001011100
000000000000100
000000000000100
000000000000100
000000000000100
000000000000100
000000000000100
000000000000100
000000000000100
000000000000100
000000000000100
000000000000100
000000000000100
000000000000100
000000000000100
000000000000100
000000000000100
000000000000100
000000000000100
000000000000100
000000000000100
000000000000100
000000000000100
000000000000100
000000000000100
000000000000100
000000000000100
000000000000100
000000000000100
000000000000100
000000000000100
000000000000100
000000000000100
000000000000100
000000000000100
000000000000100
000000000000100
000000000000100
000000000000100
000000000000100
000000000000100
000000000000100
000000000000100
000000000000100
000000000000100
000000000000100
000000000000100
000000000000100
000000000000100
000000000000100
000000000000100
000000000000100
000000000000100
000000000000100
000000000000100
000000000000100
000000000000100
000000000000100
000000000000100
000000000000100
000000000000100
000000000000100
000000000000100
000000000000100
000000000000100
000000000000100
000000000000100
000000000000100
000000000000100
000000000000100
000000000000100
000101000000100
000000000000100
000000000000100
000000000000100
000000000000100
000000000000100
000000000000100
000000000000100
000000000000100
000000000000100
000000000000100
000000000000100
000000000000100
000000000000100
000000000000100
000000000000100
000000000000100
000000000000100
