000000000000100
000000000000100
000000000000100
000000000000100
000000000000100
000000000000100
000000000000100
000000000000100
000000000000100
000000000000100
000000000000100
000011000000100
000000000000100
000000000000100
000000000000100
000000000000100
000000000000100
000000000000100
000000000000100
000000000000100
000000000000100
000000000000100
000000000000100
000000000000100
000000000000100
000000000000100
000000000000100
000000000000100
000000000000100
000000000000100
000000000000100
000000000000100
000000000000100
000000000000100
000000000000100
000000000000100
000000000000100
000000000000100
000000000000100
000000000000100
000000000000100
000000000000100
000000000000100
000000000000100
000000000000100
000000000000100
000000000000100
000000000000100
000000000000100
000000000000100
000000000000100
000000000000100
000000000000100
000000000000100
000000000000100
000000000000100
000000000000100
000000000000100
000000000000100
000000000000100
000000000000100
000000000000100
000000000000100
000000000000100
000000000000100
000000000000100
000000000000100
000000000000100
000000000000100
000000000000100
000000000000100
000000000000100
000000000000100
000000000000100
000000000000100
000000000000100
000000000000100
000000001011100
000000000000100
000000000000100
000000000000100
000000000000100
000000000000100
000000000000100
000000000000100
000000000000100
000000000000100
000000000000100
000000000000100
000000000000100
000000000000100
000000000000100
000000000000100
000000000000100
000000000000100
000000000000100
000000000000100
000000000000100
000000000000100
000000000000100
