Solution
0 0.142857 0.857143 0.142857 0.142857 0 0.142857 0 0 0 0.142857 0 0 0 0.142857 0 0.857143 
Solution
0.142857 0 0.857143 0 0 0 0 0 0 0.142857 0.142857 0.142857 0 0 0 0 0.857143 
Solution
0 0 1 0 0 0 0 0 0 0 0 0 0 0 0 0 1 
Solution
0.142857 0.142857 0.714286 0 0.142857 0 0.142857 0 0 0 0 0 0.142857 0 0.142857 0.142857 0.714286 
Solution
0 0 1 0 0 0 0 0 0 0 0 0 0 0 0 0 1 
Solution
0 0 1 0 0 0 0 0 0 0 0 0 0 0 0 0 1 
Solution
0.142857 0 0.857143 0 0 0 0 0 0 0.142857 0.285714 0 0 0 0.142857 0 0.857143 
Solution
0.428571 0.142857 0.428571 0 0.142857 0 0 0.142857 0 0 0.285714 0 0 0.142857 0 0.285714 0.428571 
Solution
0.142857 0.428571 0.428571 0.285714 0 0 0 0 0.142857 0.142857 0.142857 0.285714 0.142857 0.142857 0 0 0.428571 
Solution
0 0 1 0 0 0 0 0 0 0 0 0 0 0 0 0 1 
Solution
0.142857 0 0.857143 0 0 0 0 0 0 0.285714 0.142857 0.142857 0 0 0 0 0.857143 
Solution
0.142857 0 0.857143 0 0 0 0 0 0.142857 0.142857 0 0 0 0 0 0.142857 1 
Solution
0 0 1 0 0 0 0 0 0 0.142857 0.285714 0.142857 0.285714 0.142857 0.142857 0.142857 1 
Solution
0.142857 0 0.857143 0 0 0 0.142857 0 0 0 0.142857 0 0.142857 0.142857 0.142857 0.142857 0.857143 
Solution
0.142857 0 0.857143 0 0 0 0 0 0 0 0.142857 0 0.142857 0 0.142857 0 0.857143 
Solution
0.285714 0 0.714286 0 0 0 0 0.285714 0 0 0 0 0 0 0 0 0.714286 
Solution
0 0 1 0.285714 0.285714 0 0 0 0 0.142857 0 0 0 0 0 0 1 
Solution
0 0 1 0.285714 0.142857 0 0 0 0 0.285714 0.142857 0 0 0 0 0.142857 1 
Solution
0.142857 0 0.857143 0 0 0 0 0 0.142857 0 0.142857 0.142857 0 0 0 0 0.857143 
Solution
0 0 1 0 0 0.142857 0 0 0.142857 0 0 0 0 0 0 0 1 
Solution
0.142857 0 0.857143 0.142857 0.142857 0.142857 0 0 0 0 0.142857 0 0 0 0 0 0.857143 
Solution
0.142857 0.142857 0.714286 0.142857 0.285714 0.142857 0 0 0.142857 0.285714 0.285714 0.142857 0 0.142857 0 0 0.714286 
Solution
0.142857 0 0.857143 0 0 0 0 0 0 0 0 0.142857 0 0 0 0 0.857143 
Solution
0 0 1 0 0 0 0.142857 0.142857 0 0.142857 0.142857 0 0 0 0 0 1 
Solution
0 0 1 0 0 0 0.142857 0.142857 0 0.142857 0.142857 0 0 0 0 0 1 
Solution
0 0.142857 0.857143 0.142857 0.142857 0.142857 0 0 0 0.142857 0.142857 0 0.142857 0 0 0.142857 0.857143 
Solution
0.142857 0 0.857143 0.142857 0 0 0 0 0 0 0 0 0 0 0.142857 0.142857 0.857143 
Solution
0 0 1 0 0 0 0 0 0 0.142857 0.142857 0 0 0 0.142857 0.142857 1 
Solution
0 0 1 0 0 0 0 0 0 0 0 0 0 0 0 0 1 
Solution
0 0 1 0 0.142857 0 0 0 0 0 0 0.142857 0 0.142857 0.142857 0 1 
Solution
0.285714 0 0.714286 0.142857 0.142857 0 0 0 0 0.142857 0.142857 0.142857 0.142857 0.142857 0.142857 0.142857 0.714286 
Solution
0.142857 0.142857 0.714286 0 0.142857 0.142857 0 0 0 0.142857 0.285714 0.142857 0.285714 0 0.142857 0 0.714286 
Solution
0.142857 0 0.857143 0 0 0 0 0 0 0 0 0.285714 0.142857 0 0 0 0.857143 
Solution
0 0 1 0 0 0.142857 0 0 0.142857 0 0.142857 0 0 0 0 0 1 
Solution
0 0 1 0 0 0 0 0 0 0 0 0 0 0 0 0 1 
Solution
0 0 1 0 0 0 0 0 0 0.142857 0 0 0 0 0 0 1 
Solution
0 0 1 0 0 0 0 0 0 0 0 0 0 0 0 0 1 
Solution
0 0 1 0 0 0.142857 0 0 0.142857 0 0 0 0 0 0 0 1 
Solution
0.571429 0 0.428571 0 0 0.428571 0 0 0 0.142857 0.142857 0.285714 0.142857 0 0.142857 0 0.428571 
Solution
0 0 1 0 0 0 0 0 0.142857 0 0 0.142857 0 0 0 0 1 
Solution
0 0 1 0 0 0 0.142857 0.142857 0 0 0 0 0 0 0 0 1 
Solution
0 0.142857 0.857143 0 0 0 0.142857 0 0 0 0 0 0 0 0 0 0.857143 
Solution
0 0 1 0 0.142857 0 0 0 0 0 0.142857 0.142857 0 0 0 0 1 
Solution
0.142857 0 0.857143 0.142857 0.142857 0 0 0 0 0 0.142857 0 0 0 0 0 0.857143 
Solution
0.142857 0 0.857143 0 0 0 0 0.142857 0 0.142857 0.142857 0.142857 0 0.142857 0 0 0.857143 
Solution
0 0 1 0 0 0 0 0 0 0.142857 0.142857 0 0 0 0 0 1 
Solution
0.142857 0 0.857143 0 0 0 0 0 0.142857 0.142857 0.142857 0 0 0.142857 0 0 0.857143 
Solution
0 0 1 0 0 0 0 0 0 0 0 0 0 0 0 0 1 
Solution
0.142857 0.142857 0.714286 0 0 0 0 0 0 0.142857 0.428571 0 0 0 0 0 0.714286 
Solution
0 0 1 0 0 0 0 0 0 0.142857 0.142857 0 0 0 0 0 1 
Solution
0.285714 0 0.714286 0 0 0.142857 0 0 0.142857 0 0.142857 0 0.285714 0 0 0.142857 0.714286 
Solution
0.142857 0 0.857143 0.142857 0 0 0 0 0 0.142857 0.142857 0.142857 0.142857 0.142857 0.142857 0 0.857143 
Solution
0.142857 0 0.857143 0 0 0 0 0 0 0.142857 0 0 0.142857 0 0 0 0.857143 
Solution
0 0 1 0 0 0 0.142857 0 0.142857 0 0 0 0 0.142857 0 0 1 
Solution
0.142857 0 0.857143 0.142857 0 0 0 0 0 0 0 0 0 0 0 0 0.857143 
Solution
0 0.142857 0.857143 0 0 0 0 0 0 0.142857 0 0.142857 0 0.142857 0 0 0.857143 
Solution
0 0 1 0 0 0 0.142857 0.142857 0 0.142857 0.142857 0 0 0 0 0 1 
Solution
0.142857 0.142857 0.714286 0.142857 0 0 0 0.142857 0 0.142857 0.142857 0 0.142857 0.285714 0 0 0.714286 
Solution
0.142857 0 0.857143 0 0 0 0 0 0 0 0.142857 0 0 0 0 0 0.857143 
Solution
0.142857 0.142857 0.714286 0 0.142857 0 0 0 0 0.142857 0.142857 0 0.142857 0.142857 0.142857 0.142857 0.714286 
Solution
0.142857 0 0.857143 0.142857 0.142857 0 0 0 0.142857 0 0 0 0 0 0.142857 0.142857 0.857143 
Solution
0.142857 0.142857 0.714286 0 0.142857 0 0.142857 0.142857 0.142857 0.285714 0.428571 0 0.142857 0.285714 0.142857 0 0.714286 
Solution
0 0.142857 0.857143 0 0 0 0.142857 0 0 0 0.142857 0 0.142857 0 0 0 0.857143 
Solution
0 0.142857 0.857143 0 0.142857 0 0.142857 0.142857 0 0 0.428571 0 0.285714 0.285714 0.142857 0.142857 0.857143 
Solution
0 0 1 0 0 0 0 0 0 0 0 0 0 0 0 0 1 
Solution
0 0 1 0.142857 0.142857 0 0 0 0 0 0 0 0 0 0 0 1 
Solution
0.142857 0 0.857143 0 0 0 0.142857 0 0 0 0 0 0.142857 0.142857 0 0 0.857143 
Solution
0.285714 0 0.714286 0 0.142857 0 0 0 0 0.142857 0.285714 0.142857 0 0.142857 0.285714 0 0.714286 
Solution
0.142857 0 0.857143 0.142857 0 0 0 0 0 0.142857 0 0 0.142857 0.142857 0.142857 0 0.857143 
Solution
0 0.142857 0.857143 0 0 0 0.142857 0 0 0 0.142857 0 0 0 0 0 0.857143 
Solution
0 0 1 0 0 0 0 0 0 0 0 0 0 0 0 0 1 
Solution
0 0.142857 0.857143 0 0 0 0 0 0 0 0.142857 0 0 0 0 0 0.857143 
Solution
0.285714 0 0.714286 0 0 0 0.285714 0 0 0 0.142857 0 0 0 0 0 0.714286 
Solution
0.285714 0 0.714286 0 0 0 0 0 0.142857 0 0.142857 0 0.285714 0.142857 0 0 0.714286 
Solution
0.142857 0.142857 0.714286 0 0 0 0.142857 0.142857 0.285714 0 0.142857 0.142857 0 0 0.142857 0 0.714286 
Solution
0 0.142857 0.857143 0 0 0 0 0 0 0 0.285714 0.142857 0.285714 0 0 0 0.857143 
Solution
0.285714 0 0.714286 0 0.142857 0 0 0 0.142857 0 0 0 0 0.142857 0 0 0.714286 
Solution
0 0 1 0.142857 0 0 0 0 0 0.142857 0 0 0 0.142857 0 0 1 
Solution
0 0.142857 0.857143 0 0 0 0 0 0 0 0 0.142857 0 0 0.142857 0 0.857143 
Solution
0 0 1 0 0.142857 0 0 0 0 0.142857 0 0.142857 0 0 0 0 1 
Solution
0.142857 0 0.857143 0 0 0 0.142857 0 0 0.142857 0 0.142857 0.142857 0.142857 0.142857 0 0.857143 
Solution
0 0.142857 0.857143 0 0 0 0 0 0 0 0.285714 0 0.285714 0.285714 0.142857 0.142857 0.857143 
Solution
0 0.285714 0.714286 0 0.142857 0 0 0 0 0 0 0.142857 0.142857 0 0.285714 0.142857 0.714286 
Solution
0 0 1 0 0 0 0 0 0 0 0 0 0 0 0 0 1 
Solution
0.142857 0 0.857143 0 0 0 0 0 0 0.142857 0.285714 0 0 0 0 0 0.857143 
Solution
0 0 1 0 0 0 0.142857 0.142857 0 0 0 0 0 0 0 0 1 
Solution
0.142857 0 0.857143 0 0 0 0 0 0 0.142857 0 0.142857 0 0 0 0 0.857143 
Solution
0 0.142857 0.857143 0.285714 0.142857 0 0 0 0 0 0.142857 0.142857 0 0.142857 0 0.142857 0.857143 
Solution
0.142857 0 0.857143 0 0 0 0 0 0 0.142857 0.142857 0 0 0 0 0.142857 0.857143 
Solution
0.142857 0.142857 0.714286 0 0.142857 0 0 0 0 0.142857 0.285714 0.142857 0.142857 0 0.142857 0.142857 0.857143 
Solution
0 0 1 0 0 0 0 0 0 0.142857 0.142857 0 0 0 0 0 1 
Solution
0 0 1 0 0 0 0 0 0 0 0 0 0 0 0.142857 0.142857 1 
Solution
0 0.142857 0.857143 0.142857 0.142857 0 0.142857 0.142857 0.142857 0.142857 0 0 0 0.142857 0 0.142857 0.857143 
Solution
0.285714 0 0.714286 0 0 0 0.142857 0 0 0 0.142857 0.142857 0.285714 0 0 0 0.714286 
Solution
0 0 1 0.142857 0.142857 0 0.285714 0.142857 0 0 0.142857 0.142857 0 0.142857 0 0 1 
Solution
0 0 1 0 0 0 0 0 0 0 0 0 0 0 0 0 1 
Solution
0.142857 0.142857 0.714286 0.428571 0.142857 0 0 0 0 0 0.142857 0 0.142857 0 0 0 0.714286 
Solution
0.285714 0 0.714286 0 0 0 0 0.142857 0 0.285714 0 0.285714 0 0.142857 0 0 0.714286 
Solution
0 0.142857 0.857143 0 0 0 0 0 0 0.285714 0.428571 0.142857 0 0 0.142857 0 0.857143 
Solution
0 0.142857 0.857143 0.142857 0.285714 0.142857 0 0 0.142857 0.142857 0 0.142857 0 0 0 0 0.857143 
