
Constraints satisfied: true
One-hot encoding

Q matrix:
-1  2  2  2  1  0  0  0  1  0  0  0  1  0  0  0
 0 -1  2  2  0  1  0  0  0  1  0  0  0  1  0  0
 0  0 -1  2  0  0  1  0  0  0  1  0  0  0  1  0
 0  0  0 -1  0  0  0  1  0  0  0  1  0  0  0  1
 0  0  0  0 -1  2  2  2  1  0  0  0  1  0  0  0
 0  0  0  0  0 -1  2  2  0  1  0  0  0  1  0  0
 0  0  0  0  0  0 -1  2  0  0  1  0  0  0  1  0
 0  0  0  0  0  0  0 -1  0  0  0  1  0  0  0  1
 0  0  0  0  0  0  0  0 -1  2  2  2  1  0  0  0
 0  0  0  0  0  0  0  0  0 -1  2  2  0  1  0  0
 0  0  0  0  0  0  0  0  0  0 -1  2  0  0  1  0
 0  0  0  0  0  0  0  0  0  0  0 -1  0  0  0  1
 0  0  0  0  0  0  0  0  0  0  0  0 -1  2  2  2
 0  0  0  0  0  0  0  0  0  0  0  0  0 -1  2  2
 0  0  0  0  0  0  0  0  0  0  0  0  0  0 -1  2
 0  0  0  0  0  0  0  0  0  0  0  0  0  0  0 -1

Min scalar = -4
0
Solution 1
0 1 0 0 0 0 0 0 0 0 0 0 0 0 0
Objective function cost: 1

Q matrix:
-1  2  2  2  1  0  0  0  1  0  0  0  1  0  0  0
 0 -1  2  2  0  1  0  0  0  1  0  0  0  1  0  0
 0  0 -1  2  0  0  1  0  0  0  1  0  0  0  1  0
 0  0  0 -1  0  0  0  1  0  0  0  1  0  0  0  1
 0  0  0  0 -1  2  2  2  1  0  0  0  1  0  0  0
 0  0  0  0  0 -1  2  2  0  1  0  0  0  1  0  0
 0  0  0  0  0  0 -1  2  0  0  1  0  0  0  1  0
 0  0  0  0  0  0  0 -1  0  0  0  1  0  0  0  1
 0  0  0  0  0  0  0  0 -1  2  2  2  1  0  0  0
 0  0  0  0  0  0  0  0  0 -1  2  2  0  1  0  0
 0  0  0  0  0  0  0  0  0  0 -1  2  0  0  1  0
 0  0  0  0  0  0  0  0  0  0  0 -1  0  0  0  1
 0  0  0  0  0  0  0  0  0  0  0  0 -1  2  2  2
 0  0  0  0  0  0  0  0  0  0  0  0  0 -1  2  2
 0  0  0  0  0  0  0  0  0  0  0  0  0  0 -1  2
 0  0  0  0  0  0  0  0  0  0  0  0  0  0  0 -1

Min scalar = -4
0
Solution 2
0 1 0 0 0 0 0 0 0 0 0 0 0 1 0
Objective function cost: 2

Q matrix:
-1  2  2  2  1  0  0  0  1  0  0  0  1  0  0  0
 0 -1  2  2  0  1  0  0  0  1  0  0  0  1  0  0
 0  0 -1  2  0  0  1  0  0  0  1  0  0  0  1  0
 0  0  0 -1  0  0  0  1  0  0  0  1  0  0  0  1
 0  0  0  0 -1  2  2  2  1  0  0  0  1  0  0  0
 0  0  0  0  0 -1  2  2  0  1  0  0  0  1  0  0
 0  0  0  0  0  0 -1  2  0  0  1  0  0  0  1  0
 0  0  0  0  0  0  0 -1  0  0  0  1  0  0  0  1
 0  0  0  0  0  0  0  0 -1  2  2  2  1  0  0  0
 0  0  0  0  0  0  0  0  0 -1  2  2  0  1  0  0
 0  0  0  0  0  0  0  0  0  0 -1  2  0  0  1  0
 0  0  0  0  0  0  0  0  0  0  0 -1  0  0  0  1
 0  0  0  0  0  0  0  0  0  0  0  0 -1  2  2  2
 0  0  0  0  0  0  0  0  0  0  0  0  0 -1  2  2
 0  0  0  0  0  0  0  0  0  0  0  0  0  0 -1  2
 0  0  0  0  0  0  0  0  0  0  0  0  0  0  0 -1

Min scalar = -4
0
Solution 3
0 1 0 0 0 0 0 0 0 0 0 0 1 0 0
Objective function cost: 2
