
Constraints satisfied: true
One-hot encoding

Q matrix:
-1  2  2  2  0 -1 -1 -1  0 -1 -1 -1  0 -1 -1 -1
 0 -1  2  2 -1  0  1  1  1 -1 -1 -1  1 -1 -1 -1
 0  0 -1  2  1 -1 -1 -1 -1  1  0  1  1 -1 -1 -1
 0  0  0 -1  1 -1 -1 -1  1 -1 -1 -1 -1  1  1  0
 0  0  0  0 -1  2  2  2 -1  1 -1 -1 -1  1 -1 -1
 0  0  0  0  0 -1  2  2 -1  0 -1 -1 -1  0 -1 -1
 0  0  0  0  0  0 -1  2  1 -1  0  1 -1  1 -1 -1
 0  0  0  0  0  0  0 -1 -1  1 -1 -1  1 -1  1  0
 0  0  0  0  0  0  0  0 -1  2  2  2 -1 -1  1 -1
 0  0  0  0  0  0  0  0  0 -1  2  2 -1 -1  1 -1
 0  0  0  0  0  0  0  0  0  0 -1  2 -1 -1  0 -1
 0  0  0  0  0  0  0  0  0  0  0 -1  1  1 -1  0
 0  0  0  0  0  0  0  0  0  0  0  0 -1  2  2  2
 0  0  0  0  0  0  0  0  0  0  0  0  0 -1  2  2
 0  0  0  0  0  0  0  0  0  0  0  0  0  0 -1  2
 0  0  0  0  0  0  0  0  0  0  0  0  0  0  0 -1

Min scalar = -10
0
Solution 1
0 0 0 0 0 0 0 1 0 1 0 1 0 0 0 Objective function cost: 3

Q matrix:
-1  2  2  2  0 -1 -1 -1  0 -1 -1 -1  0 -1 -1 -1
 0 -1  2  2 -1  0  1  1  1 -1 -1 -1  1 -1 -1 -1
 0  0 -1  2  1 -1 -1 -1 -1  1  0  1  1 -1 -1 -1
 0  0  0 -1  1 -1 -1 -1  1 -1 -1 -1 -1  1  1  0
 0  0  0  0 -1  2  2  2 -1  1 -1 -1 -1  1 -1 -1
 0  0  0  0  0 -1  2  2 -1  0 -1 -1 -1  0 -1 -1
 0  0  0  0  0  0 -1  2  1 -1  0  1 -1  1 -1 -1
 0  0  0  0  0  0  0 -1 -1  1 -1 -1  1 -1  1  0
 0  0  0  0  0  0  0  0 -1  2  2  2 -1 -1  1 -1
 0  0  0  0  0  0  0  0  0 -1  2  2 -1 -1  1 -1
 0  0  0  0  0  0  0  0  0  0 -1  2 -1 -1  0 -1
 0  0  0  0  0  0  0  0  0  0  0 -1  1  1 -1  0
 0  0  0  0  0  0  0  0  0  0  0  0 -1  2  2  2
 0  0  0  0  0  0  0  0  0  0  0  0  0 -1  2  2
 0  0  0  0  0  0  0  0  0  0  0  0  0  0 -1  2
 0  0  0  0  0  0  0  0  0  0  0  0  0  0  0 -1

Min scalar = -10
0
Solution 2
0 0 0 0 0 0 0 1 0 1 0 1 0 1 0 Objective function cost: 4

Q matrix:
-1  2  2  2  0 -1 -1 -1  0 -1 -1 -1  0 -1 -1 -1
 0 -1  2  2 -1  0  1  1  1 -1 -1 -1  1 -1 -1 -1
 0  0 -1  2  1 -1 -1 -1 -1  1  0  1  1 -1 -1 -1
 0  0  0 -1  1 -1 -1 -1  1 -1 -1 -1 -1  1  1  0
 0  0  0  0 -1  2  2  2 -1  1 -1 -1 -1  1 -1 -1
 0  0  0  0  0 -1  2  2 -1  0 -1 -1 -1  0 -1 -1
 0  0  0  0  0  0 -1  2  1 -1  0  1 -1  1 -1 -1
 0  0  0  0  0  0  0 -1 -1  1 -1 -1  1 -1  1  0
 0  0  0  0  0  0  0  0 -1  2  2  2 -1 -1  1 -1
 0  0  0  0  0  0  0  0  0 -1  2  2 -1 -1  1 -1
 0  0  0  0  0  0  0  0  0  0 -1  2 -1 -1  0 -1
 0  0  0  0  0  0  0  0  0  0  0 -1  1  1 -1  0
 0  0  0  0  0  0  0  0  0  0  0  0 -1  2  2  2
 0  0  0  0  0  0  0  0  0  0  0  0  0 -1  2  2
 0  0  0  0  0  0  0  0  0  0  0  0  0  0 -1  2
 0  0  0  0  0  0  0  0  0  0  0  0  0  0  0 -1

Min scalar = -10
0
Solution 3
0 0 0 0 0 0 0 1 0 1 0 1 1 0 0 Objective function cost: 4

Q matrix:
-1  2  2  2  1 -1 -1 -1  1 -1 -1 -1  1 -1 -1 -1
 0 -1  2  2 -1  1  1  1  1  0 -1 -1  1  0 -1 -1
 0  0 -1  2  1 -1  0 -1 -1  1  1  1  1 -1  0 -1
 0  0  0 -1  1 -1 -1  0  1 -1 -1  0 -1  1  1  1
 0  0  0  0 -1  2  2  2  0  1 -1 -1  0  1 -1 -1
 0  0  0  0  0 -1  2  2 -1  1 -1 -1 -1  1 -1 -1
 0  0  0  0  0  0 -1  2  1 -1  1  1 -1  1  0 -1
 0  0  0  0  0  0  0 -1 -1  1 -1  0  1 -1  1  1
 0  0  0  0  0  0  0  0 -1  2  2  2  0 -1  1 -1
 0  0  0  0  0  0  0  0  0 -1  2  2 -1  0  1 -1
 0  0  0  0  0  0  0  0  0  0 -1  2 -1 -1  1 -1
 0  0  0  0  0  0  0  0  0  0  0 -1  1  1 -1  1
 0  0  0  0  0  0  0  0  0  0  0  0 -1  2  2  2
 0  0  0  0  0  0  0  0  0  0  0  0  0 -1  2  2
 0  0  0  0  0  0  0  0  0  0  0  0  0  0 -1  2
 0  0  0  0  0  0  0  0  0  0  0  0  0  0  0 -1

Min scalar = -10
0
Solution 4
0 1 0 0 0 0 0 1 0 1 0 1 0 0 0 Objective function cost: 4

Q matrix:
-1  2  2  2  1 -1 -1 -1  1 -1 -1 -1  1 -1 -1 -1
 0 -1  2  2 -1  1  1  1  1  0 -1 -1  1  0 -1 -1
 0  0 -1  2  1 -1  0 -1 -1  1  1  1  1 -1  0 -1
 0  0  0 -1  1 -1 -1  0  1 -1 -1  0 -1  1  1  1
 0  0  0  0 -1  2  2  2  0  1 -1 -1  0  1 -1 -1
 0  0  0  0  0 -1  2  2 -1  1 -1 -1 -1  1 -1 -1
 0  0  0  0  0  0 -1  2  1 -1  1  1 -1  1  0 -1
 0  0  0  0  0  0  0 -1 -1  1 -1  0  1 -1  1  1
 0  0  0  0  0  0  0  0 -1  2  2  2  0 -1  1 -1
 0  0  0  0  0  0  0  0  0 -1  2  2 -1  0  1 -1
 0  0  0  0  0  0  0  0  0  0 -1  2 -1 -1  1 -1
 0  0  0  0  0  0  0  0  0  0  0 -1  1  1 -1  1
 0  0  0  0  0  0  0  0  0  0  0  0 -1  2  2  2
 0  0  0  0  0  0  0  0  0  0  0  0  0 -1  2  2
 0  0  0  0  0  0  0  0  0  0  0  0  0  0 -1  2
 0  0  0  0  0  0  0  0  0  0  0  0  0  0  0 -1

Min scalar = -10
0
Solution 5
0 1 0 0 0 0 0 1 0 1 0 1 0 1 0 Objective function cost: 5

Q matrix:
-1  2  2  2  1 -1 -1 -1  1 -1 -1 -1  1 -1 -1 -1
 0 -1  2  2 -1  1  1  1  1  0 -1 -1  1  0 -1 -1
 0  0 -1  2  1 -1  0 -1 -1  1  1  1  1 -1  0 -1
 0  0  0 -1  1 -1 -1  0  1 -1 -1  0 -1  1  1  1
 0  0  0  0 -1  2  2  2  0  1 -1 -1  0  1 -1 -1
 0  0  0  0  0 -1  2  2 -1  1 -1 -1 -1  1 -1 -1
 0  0  0  0  0  0 -1  2  1 -1  1  1 -1  1  0 -1
 0  0  0  0  0  0  0 -1 -1  1 -1  0  1 -1  1  1
 0  0  0  0  0  0  0  0 -1  2  2  2  0 -1  1 -1
 0  0  0  0  0  0  0  0  0 -1  2  2 -1  0  1 -1
 0  0  0  0  0  0  0  0  0  0 -1  2 -1 -1  1 -1
 0  0  0  0  0  0  0  0  0  0  0 -1  1  1 -1  1
 0  0  0  0  0  0  0  0  0  0  0  0 -1  2  2  2
 0  0  0  0  0  0  0  0  0  0  0  0  0 -1  2  2
 0  0  0  0  0  0  0  0  0  0  0  0  0  0 -1  2
 0  0  0  0  0  0  0  0  0  0  0  0  0  0  0 -1

Min scalar = -10
0
Solution 6
0 1 0 0 0 0 0 1 0 1 0 1 1 0 0 Objective function cost: 5
