12 12 1 72
0 : 11 9 7 5 11 5 5 1 2 4 2 10 
0 : 1 6 12 7 8 6 2 2 11 5 11 1 
0 : 10 5 5 6 2 10 8 10 11 1 1 3 
0 : 2 1 5 11 7 8 1 11 5 4 12 5 
0 : 9 12 6 1 8 5 1 8 1 6 7 8 
0 : 3 5 5 10 10 9 1 5 6 6 4 8 
0 : 9 9 1 9 5 9 3 1 9 3 8 6 
0 : 4 6 3 11 8 8 5 2 6 9 1 9 
0 : 11 4 10 7 4 2 11 9 4 2 7 1 
0 : 6 1 5 3 11 5 10 5 5 7 10 4 
1 : 8 1 9 5 11 1 6 11 7 12 11 8 
1 : 7 8 3 4 2 12 9 4 4 2 4 2 
1 : 6 6 12 9 8 4 3 8 9 1 3 10 
1 : 4 5 1 11 8 4 3 8 10 5 9 6 
1 : 7 9 3 1 1 12 3 1 4 12 10 12 
1 : 10 8 1 12 4 9 10 3 11 11 3 11 
1 : 4 6 6 8 2 10 6 4 7 4 9 7 
1 : 12 7 3 9 5 8 11 12 5 8 7 2 
1 : 7 4 12 2 6 9 9 9 8 1 8 6 
1 : 12 9 6 11 3 9 8 11 1 3 1 1 
