8 35 1 3
0 : 23 26 20 15 29 34 12 6 
0 : 33 14 11 23 30 18 1 26 
0 : 1 30 25 10 35 13 7 21 
0 : 34 26 19 3 31 12 15 22 
0 : 21 16 27 30 9 33 2 12 
0 : 8 35 27 17 31 24 5 20 
0 : 4 16 22 9 35 27 31 13 
0 : 34 10 27 16 21 24 30 2 
0 : 28 22 10 25 13 31 7 3 
0 : 5 2 30 21 33 10 18 27 
0 : 28 34 31 11 4 1 8 16 
0 : 35 16 5 13 22 8 19 30 
0 : 21 12 6 35 9 18 28 1 
0 : 11 2 29 5 14 35 17 25 
0 : 17 5 35 20 24 11 32 8 
0 : 24 17 32 21 3 35 13 10 
0 : 8 14 33 19 22 5 30 11 
0 : 9 35 6 28 18 31 25 12 
0 : 28 21 12 15 18 3 31 35 
0 : 14 32 35 19 24 11 28 3 
0 : 11 22 25 14 1 18 4 29 
0 : 32 6 29 22 3 26 16 13 
0 : 31 19 7 23 11 35 15 26 
0 : 19 4 14 29 35 32 9 23 
0 : 24 6 29 18 21 33 9 3 
0 : 28 35 2 31 14 17 5 8 
0 : 14 32 11 19 7 27 4 24 
0 : 7 1 14 24 21 35 17 28 
0 : 31 7 15 26 11 23 4 20 
0 : 32 20 3 29 9 26 6 35 
0 : 31 7 22 14 17 10 35 1 
0 : 20 12 24 28 8 2 32 5 
0 : 28 7 15 10 2 24 18 34 
0 : 20 17 31 11 27 8 24 5 
0 : 25 35 32 4 28 16 20 13 
0 : 28 25 21 1 9 33 4 15 
0 : 15 25 21 12 35 4 8 30 
0 : 2 9 15 34 29 20 5 23 
0 : 24 20 27 2 13 6 9 34 
0 : 24 2 7 32 20 27 12 15 
0 : 31 15 27 18 5 12 2 24 
0 : 8 14 20 31 5 17 34 28 
0 : 35 28 31 25 22 6 14 18 
0 : 10 21 29 18 32 24 35 15 
0 : 27 1 7 12 4 35 20 17 
0 : 8 33 5 26 11 29 17 21 
0 : 12 18 15 1 27 21 24 7 
0 : 1 19 26 10 5 23 14 29 
0 : 9 13 28 20 16 35 1 25 
0 : 15 34 5 31 28 22 2 11 
0 : 30 11 23 35 14 18 27 2 
0 : 12 15 1 21 5 30 33 9 
0 : 10 1 16 20 25 4 33 7 
0 : 4 22 7 15 12 35 1 18 
0 : 17 33 8 22 26 14 2 11 
0 : 13 8 22 30 3 27 16 33 
0 : 3 22 33 30 13 25 16 8 
0 : 1 30 19 34 26 13 9 5 
0 : 12 8 22 31 35 17 26 2 
0 : 28 31 20 23 8 3 11 14 
0 : 32 22 9 18 14 25 1 29 
0 : 34 22 2 12 31 16 25 5 
0 : 19 7 26 3 23 10 34 31 
0 : 17 13 33 6 21 26 1 10 
0 : 3 23 26 33 16 10 29 20 
0 : 22 17 29 25 35 32 7 1 
0 : 14 32 17 1 35 29 26 9 
0 : 21 18 15 35 32 10 6 28 
0 : 24 30 20 9 33 16 2 5 
0 : 11 14 24 31 5 35 8 2 
0 : 5 31 28 1 15 21 11 34 
0 : 9 15 12 29 3 26 18 32 
0 : 22 27 15 2 35 18 31 9 
0 : 16 8 20 1 30 34 4 24 
0 : 8 20 14 24 27 31 2 35 
0 : 28 24 21 34 14 3 9 18 
0 : 4 25 16 22 29 13 35 7 
0 : 26 1 14 17 11 8 23 33 
0 : 15 20 9 1 33 4 27 23 
0 : 35 20 27 2 13 31 8 17 
0 : 35 24 8 2 5 13 20 31 
0 : 35 17 11 14 6 23 27 30 
0 : 22 30 14 17 8 33 11 4 
0 : 10 2 34 26 18 23 29 14 
0 : 19 3 34 31 28 16 11 22 
0 : 21 9 18 34 30 2 14 27 
0 : 21 12 32 16 24 28 1 6 
0 : 33 24 21 15 18 11 29 7 
0 : 34 21 31 12 9 3 16 28 
0 : 13 21 16 28 2 8 5 25 
0 : 35 23 1 5 19 13 26 8 
0 : 25 34 8 14 31 3 17 28 
0 : 2 25 16 13 31 22 28 8 
0 : 20 24 12 27 8 17 2 31 
0 : 5 22 1 28 25 8 31 12 
0 : 33 20 15 29 2 26 6 12 
0 : 24 30 27 6 21 13 3 16 
0 : 19 23 2 6 27 34 14 9 
0 : 24 31 9 3 35 13 16 6 
0 : 19 24 28 2 6 10 35 32 
1 : 31 14 28 27 26 27 24 3 
1 : 2 24 16 5 21 17 16 20 
1 : 34 30 13 9 22 24 31 20 
1 : 24 24 10 1 18 6 7 11 
1 : 33 24 10 11 5 14 6 12 
1 : 2 20 24 9 29 10 3 6 
1 : 4 29 21 5 27 5 25 19 
1 : 35 30 31 26 5 11 33 22 
1 : 6 6 2 8 30 16 16 19 
1 : 31 19 25 28 12 26 27 2 
1 : 23 6 1 10 6 10 9 3 
1 : 32 6 26 6 23 28 4 22 
1 : 15 19 8 31 11 16 32 6 
1 : 2 7 21 15 9 31 2 12 
1 : 9 12 15 29 7 11 8 28 
1 : 3 4 34 8 14 34 7 28 
1 : 35 10 16 26 19 13 14 32 
1 : 21 27 18 25 16 14 5 13 
1 : 9 19 31 14 24 17 18 8 
1 : 11 30 23 21 13 35 27 6 
1 : 1 16 1 10 32 11 30 18 
1 : 14 27 28 19 1 29 6 30 
1 : 22 23 19 31 30 19 7 1 
1 : 31 34 8 7 34 11 35 29 
1 : 32 33 34 32 24 5 35 11 
1 : 13 12 17 22 17 35 12 28 
1 : 1 2 28 33 11 27 28 2 
1 : 11 30 18 11 21 11 5 21 
1 : 6 34 2 4 20 33 22 8 
1 : 3 19 28 32 1 9 16 23 
1 : 30 5 12 25 22 21 34 32 
1 : 12 14 33 17 33 11 8 35 
1 : 22 18 30 15 18 30 31 2 
1 : 13 14 2 1 22 35 20 8 
1 : 33 6 34 11 8 13 8 27 
1 : 21 19 23 10 30 20 19 18 
1 : 11 25 33 26 11 16 21 13 
1 : 35 3 6 13 13 14 5 14 
1 : 16 18 3 24 33 10 19 20 
1 : 1 10 4 19 30 8 13 19 
1 : 4 30 9 4 24 27 12 12 
1 : 19 10 30 20 14 28 23 2 
1 : 33 14 17 21 1 20 4 1 
1 : 17 11 18 29 15 27 3 23 
1 : 34 10 28 32 14 12 33 25 
1 : 7 11 32 7 4 10 27 22 
1 : 20 12 2 30 1 18 23 26 
1 : 13 26 28 14 24 27 12 31 
1 : 15 29 14 32 34 6 34 34 
1 : 2 14 6 22 28 13 21 35 
1 : 17 27 12 4 33 34 7 34 
1 : 34 34 8 16 20 33 30 16 
1 : 5 20 6 34 35 15 26 13 
1 : 10 6 20 10 17 27 24 25 
1 : 25 20 8 14 23 21 21 9 
1 : 29 27 27 34 21 31 3 12 
1 : 28 18 16 6 28 23 16 6 
1 : 15 1 16 26 13 3 27 33 
1 : 5 30 4 26 6 29 6 12 
1 : 27 10 23 6 13 17 10 32 
1 : 6 14 12 3 33 15 12 8 
1 : 34 27 24 27 16 9 33 21 
1 : 13 29 17 1 9 3 17 23 
1 : 10 16 24 6 10 16 35 16 
1 : 1 4 28 33 13 34 33 24 
1 : 24 13 3 32 25 23 27 18 
1 : 30 28 4 8 13 35 28 26 
1 : 10 31 6 12 28 28 1 4 
1 : 20 21 23 6 15 32 27 21 
1 : 31 6 1 11 25 29 26 16 
1 : 26 34 25 23 22 11 32 17 
1 : 1 7 20 9 26 21 6 1 
1 : 14 4 12 20 11 15 34 35 
1 : 20 10 1 3 32 9 8 6 
1 : 12 18 11 6 5 33 22 18 
1 : 5 29 13 21 12 35 1 16 
1 : 33 5 8 27 15 35 7 25 
1 : 2 14 16 16 13 1 24 28 
1 : 28 21 23 4 15 33 30 8 
1 : 20 2 33 11 22 17 5 4 
1 : 32 22 32 20 26 4 20 3 
1 : 19 26 24 14 20 33 21 9 
1 : 19 32 18 30 29 31 2 29 
1 : 31 21 24 9 15 8 13 25 
1 : 11 5 6 33 27 21 10 32 
1 : 14 6 24 17 19 33 4 29 
1 : 26 22 34 5 7 17 19 4 
1 : 5 17 24 6 1 24 19 18 
1 : 11 24 35 1 4 6 13 9 
1 : 34 27 18 17 34 33 5 23 
1 : 35 6 7 7 27 28 30 13 
1 : 3 1 1 2 10 23 6 23 
1 : 26 22 29 17 1 14 20 30 
1 : 34 23 17 32 15 10 15 15 
1 : 20 12 22 21 33 14 22 19 
1 : 1 28 20 32 20 20 18 27 
1 : 8 10 28 18 26 18 25 1 
1 : 20 6 12 6 31 8 28 10 
1 : 16 5 15 3 6 23 20 17 
1 : 1 4 28 27 13 23 8 12 
