81.0645
422.47
80.9013
89.2287
526.911
8.19186
48.9885
158.119
67.8235
339.578
1000.14
10.7095
147.617
201.664
55.0182
39.2059
38.7355
239.669
30.8238
480.352
538.293
18.1752
51.2421
17.706
4.77147
68.8681
350.706
30.3265
454.335
159.496
46.2482
78.4723
127.129
53.9199
609.961
445.656
925.88
726.474
328.513
336.695
81.6779
272.692
58.6999
76.1492
103.959
589.436
243.231
14.6497
12.7303
73.6952
375.988
1000.21
424.906
877.728
4.13147
237.369
384.908
233.027
321.295
1000.33
165.107
565.114
149.788
389.716
68.5317
10.2192
238.921
686.043
156.899
257.385
25.6758
61.2214
709.486
518.127
16.6303
222.63
542.995
33.075
295.162
377.118
176.895
1000.34
195.211
274.246
22.3399
43.1748
1000.52
541.407
44.5809
1000.49
1000.25
187.992
1000.56
198.017
382.532
491.518
581.378
391.999
449.955
97.7741
