756.221
448.201
247.838
21.3609
229.064
70.6917
221.192
101.39
349.68
60.4075
703.883
119.927
120.476
132.654
22.0318
244.3
628.741
137.672
41.6549
21.6878
369.879
208.169
131.707
971.557
412.03
621.32
199.158
257.437
177.469
127.837
340.869
336.126
399.102
55.3246
751.798
882.709
55.4932
570.226
625.606
92.8676
230.375
525.117
1000.49
270.321
15.2012
31.1639
648.688
1000.23
18.7871
12.8958
1000.27
102.927
393.589
562.238
678.647
417.536
676.208
151.427
334.125
912.287
486.305
185.915
234.351
123.657
119.137
583.868
89.0486
1000.2
845.107
104.052
563.012
534.81
200.949
401.816
40.5242
320.233
621.793
180.816
66.5487
1000.45
71.2962
661.575
808.186
182.035
271.532
436.95
147.848
903.095
731.292
1000.28
65.9757
1000.36
244.019
1005.89
53.6406
1000.24
62.9196
513.301
322.878
575.037
