1047.05
1135.63
177.863
595.391
62.3106
202.956
65.8964
610.336
287.678
394.124
182.444
183.715
149.745
143
361.369
570.198
118.565
2217.86
335.159
196.336
914.273
33.6436
326.065
791.424
330.119
343.917
272.315
759.39
33.2965
1476.57
288.516
410.406
470
72.3841
625.495
210.224
26.5779
498.728
64.6248
22.0103
472.638
22.1655
308.247
429.799
98.3702
88.1614
205.21
198.593
406.258
1193.3
1374.97
737.853
106.949
63.3403
460.201
26.1495
2088.58
256.519
29.1796
295.094
1010.68
801.689
376.981
626.269
1888.11
1493.99
63.8793
132.822
89.949
1253.12
191.111
531.059
200.638
334.746
1351.04
134.806
1302.87
46.2288
124.975
52.6703
920.987
323.701
158.528
756.073
30.9855
1733.28
451.659
1610.93
373.043
200.165
477.097
2227.11
295.695
291.41
92.5049
66.2031
861.485
1175.39
2238.81
1253.32
