38.1992
43.9627
24.7324
33.4798
16.5539
115.561
118.461
23.4172
26.435
20.7916
25.2081
100.346
113.084
163.809
65.8107
13.8921
7.85501
70.1049
30.0296
4.41498
3.63158
21.1599
9.79701
7.52734
12.27
9.98074
14.2971
33.0419
107.916
7.88168
51.3506
81.4677
42.1208
6.24843
94.5446
45.2475
35.4429
4.65537
106.558
8.45707
118.263
16.2533
45.722
20.7174
16.501
76.908
32.117
6.00425
70.0047
55.0489
41.0532
42.5091
69.5996
27.0099
37.3574
69.3441
13.8537
6.64981
9.37439
282.738
186.11
71.4193
92.4515
39.3203
64.2627
28.767
38.1029
250.426
17.5127
142.807
37.327
27.3881
72.2119
32.6468
21.2838
43.1011
26.1718
182.805
96.2505
54.0964
40.932
149.085
238.447
162.093
92.5757
129.046
19.3307
44.1365
6.16924
407.237
28.7115
25.0177
286.168
18.7161
42.0715
95.9344
59.5093
21.5656
11.7886
86.3852
