94.5241
6.52762
32.618
70.767
31.8232
72.3254
98.7235
4.98778
54.7835
196.49
42.1
48.7496
81.364
4.00598
204.424
26.0863
46.1217
117.707
97.9194
7.99869
225.092
44.505
65.5006
114.741
119.159
10.6268
51.1253
79.5386
8.90557
91.7936
54.2802
94.6794
50.2552
22.6438
62.9386
79.7026
34.6028
24.3876
3.95645
2.67061
176.311
71.7037
16.5981
119.041
528.004
23.7163
38.9238
147.165
86.3239
606.819
155.99
54.5859
60.6328
39.5036
347.2
154.536
113.65
98.7218
215.547
79.0117
147.326
98.2734
310.698
189.765
260.188
163.057
101.399
149.326
357.564
224.049
125.062
518.03
60.0835
68.1666
126.71
118.068
4.64945
6.06184
149.398
268.685
3.20887
132.562
413.538
1.49127
574.662
73.7882
319.687
86.1858
198.617
266.776
110.066
222.574
167.813
366.018
190.963
115.586
40.1027
37.3463
116.223
48.3285
