Solution
0.888889 0 0.111111 0.222222 0 0 0.111111 0.111111 0 0.111111 0.333333 0 0 0 0.111111 0 0.111111 
Solution
0.777778 0.111111 0.111111 0 0 0.333333 0 0.111111 0 0.111111 0.111111 0.111111 0.222222 0 0.111111 0.111111 0.111111 
Solution
1 0 0 0.111111 0 0.111111 0 0.111111 0 0 0.111111 0.111111 0.333333 0 0.111111 0 0.222222 
Solution
0.888889 0 0.111111 0.222222 0 0.111111 0.111111 0 0.111111 0 0 0.222222 0 0.222222 0.222222 0 0 
Solution
0.888889 0.111111 0 0.111111 0 0 0 0.111111 0.111111 0 0.111111 0.111111 0.333333 0.111111 0.111111 0.222222 0 
Solution
0.777778 0.222222 0 0.111111 0 0.222222 0.111111 0 0.222222 0 0 0 0.111111 0.111111 0 0 0.111111 
Solution
0.888889 0 0.111111 0.222222 0 0 0.222222 0 0.111111 0 0.222222 0 0 0.111111 0.444444 0 0 
Solution
1 0 0 0.111111 0 0 0.222222 0.222222 0.111111 0 0.444444 0.111111 0 0.222222 0 0.111111 0 
Solution
0.888889 0 0.111111 0.111111 0 0 0.111111 0.111111 0 0.222222 0 0.222222 0.111111 0.111111 0.111111 0.111111 0 
Solution
1 0 0 0.222222 0 0 0 0 0 0 0.333333 0.111111 0 0.222222 0.111111 0 0.111111 
Solution
0.666667 0.222222 0.111111 0.333333 0 0 0 0.111111 0 0.222222 0.111111 0 0.111111 0.333333 0 0.111111 0 
Solution
0.666667 0.222222 0.111111 0.111111 0 0.111111 0.222222 0.111111 0.222222 0.111111 0 0 0.111111 0 0.111111 0.222222 0 
Solution
0.888889 0.111111 0 0.222222 0 0.222222 0 0 0.111111 0.111111 0.333333 0.111111 0.111111 0 0.333333 0 0 
Solution
0.666667 0.111111 0.222222 0.111111 0 0.222222 0.111111 0.111111 0.111111 0 0 0 0.111111 0 0.222222 0.111111 0 
Solution
0.888889 0 0.111111 0.111111 0 0.333333 0 0 0.111111 0.111111 0.111111 0.111111 0 0.111111 0.444444 0.111111 0 
Solution
0.888889 0 0.111111 0.111111 0 0 0.111111 0.111111 0.222222 0.111111 0 0 0.111111 0.222222 0.111111 0 0 
Solution
1 0 0 0.222222 0 0.111111 0.333333 0.111111 0 0 0.111111 0.111111 0 0 0.333333 0.222222 0 
Solution
1 0 0 0.333333 0 0.222222 0.222222 0 0 0 0.111111 0 0 0.222222 0.222222 0.222222 0.111111 
Solution
0.888889 0.111111 0 0 0 0.111111 0.333333 0 0.333333 0.111111 0 0 0.222222 0 0 0.222222 0.111111 
Solution
0.666667 0.111111 0.222222 0.111111 0 0.111111 0.111111 0 0 0 0.222222 0 0.222222 0 0.222222 0 0 
Solution
0.666667 0 0.333333 0.111111 0 0 0.111111 0 0 0 0.333333 0 0.222222 0 0.222222 0.111111 0.111111 
Solution
0.888889 0 0.111111 0.222222 0 0.111111 0 0.222222 0 0 0 0.111111 0 0.111111 0 0.222222 0.111111 
Solution
0.777778 0.111111 0.111111 0.444444 0 0.111111 0.111111 0 0 0 0 0 0.111111 0.444444 0.333333 0 0 
Solution
1 0 0 0.222222 0 0.111111 0 0 0.222222 0.111111 0.111111 0 0.111111 0 0.222222 0.111111 0.111111 
Solution
0.888889 0.111111 0 0.555556 0 0 0.111111 0 0 0.111111 0.222222 0.111111 0 0.111111 0 0.111111 0 
Solution
0.777778 0.111111 0.111111 0.222222 0 0 0 0 0.222222 0.111111 0.222222 0 0 0 0.111111 0 0.111111 
Solution
0.888889 0 0.111111 0.222222 0 0 0.111111 0 0.111111 0 0.111111 0 0.222222 0 0.222222 0.222222 0.111111 
Solution
1 0 0 0.333333 0 0 0.111111 0 0.111111 0.111111 0.111111 0 0.333333 0 0 0 0.111111 
Solution
0.888889 0 0.111111 0.222222 0 0.111111 0.111111 0 0 0 0 0 0.222222 0.222222 0 0 0.111111 
Solution
0.777778 0.111111 0.111111 0.111111 0 0 0.111111 0 0.222222 0.222222 0 0.111111 0.111111 0 0.111111 0 0 
Solution
0.888889 0 0.111111 0.333333 0 0.333333 0.111111 0 0 0 0 0 0 0.111111 0 0.222222 0 
Solution
0.888889 0.111111 0 0.333333 0 0 0.222222 0 0 0 0.222222 0 0 0 0 0.333333 0.444444 
Solution
0.666667 0.333333 0 0.111111 0 0.111111 0.222222 0 0.111111 0.111111 0.111111 0.222222 0 0.222222 0.222222 0 0 
Solution
0.777778 0 0.222222 0 0 0.111111 0 0.111111 0 0.111111 0 0 0.333333 0.111111 0.222222 0 0 
Solution
0.888889 0.111111 0 0.444444 0 0.111111 0.222222 0.111111 0 0.111111 0.111111 0 0 0 0 0 0 
Solution
0.777778 0.222222 0 0.222222 0 0 0.222222 0.111111 0.111111 0 0.222222 0 0.111111 0.111111 0.111111 0.222222 0 
Solution
0.888889 0 0.111111 0.111111 0 0.111111 0.111111 0.111111 0.333333 0 0 0 0.111111 0 0.111111 0.222222 0 
Solution
0.888889 0 0.111111 0.111111 0 0 0.222222 0 0.222222 0 0.111111 0 0 0.111111 0 0.333333 0.222222 
Solution
0.888889 0 0.111111 0 0 0.111111 0.111111 0 0 0.111111 0.222222 0.111111 0.111111 0.111111 0 0 0 
Solution
1 0 0 0.111111 0 0.222222 0 0.111111 0 0 0.333333 0 0.222222 0 0.111111 0.222222 0.111111 
Solution
0.777778 0.111111 0.111111 0.222222 0 0 0.111111 0 0 0.111111 0.111111 0.111111 0.222222 0.222222 0.111111 0.111111 0.111111 
Solution
1 0 0 0.222222 0 0.111111 0.111111 0.111111 0.111111 0.333333 0.111111 0.111111 0 0 0.444444 0 0.111111 
Solution
0.888889 0.111111 0 0.444444 0 0.111111 0.111111 0 0.333333 0 0.111111 0 0 0 0.111111 0.111111 0 
Solution
1 0 0 0.222222 0 0.111111 0.222222 0 0.111111 0.111111 0.111111 0.111111 0 0 0.111111 0.333333 0 
Solution
0.666667 0.111111 0.222222 0.333333 0 0 0 0.111111 0.222222 0.111111 0 0 0 0 0.111111 0 0.111111 
Solution
1 0 0 0.111111 0 0 0.333333 0 0.111111 0.111111 0.111111 0.111111 0 0.111111 0.111111 0.111111 0 
Solution
0.777778 0 0.222222 0.111111 0 0 0.222222 0.111111 0.111111 0 0.111111 0.111111 0.111111 0 0.111111 0.111111 0 
Solution
0.888889 0.111111 0 0 0 0 0.222222 0.111111 0 0 0.222222 0 0.111111 0.111111 0 0 0.222222 
Solution
0.777778 0.111111 0.111111 0.222222 0 0 0.111111 0.111111 0.111111 0.222222 0.222222 0 0 0.111111 0.222222 0 0.222222 
Solution
1 0 0 0.111111 0 0.222222 0 0.111111 0.111111 0 0 0 0 0.222222 0 0.333333 0.222222 
Solution
1 0 0 0.333333 0 0.111111 0 0 0 0 0 0.111111 0.444444 0.111111 0.111111 0 0 
Solution
0.777778 0 0.222222 0.333333 0 0 0.111111 0 0.111111 0 0.111111 0 0 0 0 0.222222 0.111111 
Solution
0.666667 0.111111 0.222222 0.111111 0 0 0.111111 0.111111 0.111111 0 0 0.111111 0 0.222222 0.111111 0.222222 0 
Solution
0.888889 0 0.111111 0.222222 0 0 0 0 0.222222 0.444444 0 0.111111 0 0.111111 0.111111 0.111111 0.111111 
Solution
0.666667 0 0.333333 0.333333 0 0 0 0 0 0 0.222222 0.111111 0 0.111111 0.222222 0.111111 0 
Solution
0.777778 0.111111 0.111111 0.222222 0 0 0.222222 0 0.111111 0.222222 0.111111 0 0 0 0.111111 0.333333 0 
Solution
1 0 0 0.111111 0 0 0.222222 0 0 0.111111 0 0.111111 0.222222 0.222222 0.222222 0.111111 0 
Solution
1 0 0 0.222222 0 0 0.222222 0 0 0.111111 0.111111 0.111111 0.111111 0.111111 0.222222 0 0.111111 
Solution
0.777778 0.111111 0.111111 0.222222 0 0 0.444444 0 0 0.222222 0.111111 0.111111 0 0 0.111111 0.111111 0 
Solution
0.777778 0 0.222222 0.111111 0 0 0 0 0.222222 0 0.111111 0 0.222222 0.111111 0 0.333333 0.111111 
Solution
0.888889 0.111111 0 0.111111 0 0.111111 0 0 0.222222 0.111111 0.111111 0.111111 0.111111 0 0 0.111111 0.333333 
Solution
0.888889 0.111111 0 0 0 0.111111 0 0.111111 0 0.111111 0.111111 0 0.111111 0.111111 0 0.222222 0.333333 
Solution
0.777778 0.111111 0.111111 0.222222 0 0.111111 0 0.111111 0 0.111111 0.333333 0 0 0 0.111111 0.111111 0.222222 
Solution
1 0 0 0.222222 0 0 0 0 0.111111 0.111111 0.333333 0.222222 0 0.222222 0 0.222222 0.111111 
Solution
0.888889 0 0.111111 0.111111 0 0 0.111111 0.111111 0.111111 0 0.111111 0 0.222222 0 0 0.111111 0.111111 
Solution
0.888889 0 0.111111 0.222222 0 0.111111 0 0 0.222222 0.111111 0.111111 0.111111 0.111111 0 0 0.222222 0 
Solution
0.888889 0 0.111111 0.222222 0 0.111111 0.222222 0 0 0.111111 0.222222 0 0 0.111111 0.111111 0.111111 0 
Solution
0.888889 0 0.111111 0 0 0 0.222222 0.222222 0 0 0.111111 0.111111 0.111111 0.111111 0.333333 0.222222 0.111111 
Solution
1 0 0 0.333333 0 0.111111 0 0 0 0.111111 0 0.111111 0 0.222222 0.222222 0.222222 0.222222 
Solution
0.888889 0 0.111111 0.222222 0 0.111111 0.111111 0.111111 0.111111 0 0 0.111111 0.111111 0 0.111111 0.222222 0 
Solution
0.888889 0 0.111111 0.222222 0 0.111111 0.333333 0 0 0.111111 0 0.111111 0 0.111111 0 0 0.111111 
Solution
0.666667 0 0.333333 0 0 0 0.333333 0 0 0.111111 0.111111 0.222222 0.111111 0.111111 0.222222 0 0 
Solution
0.777778 0 0.222222 0.444444 0 0 0.111111 0 0 0 0.222222 0 0 0 0.333333 0 0.222222 
Solution
0.888889 0.111111 0 0.111111 0 0 0.111111 0 0 0.222222 0 0.333333 0.222222 0.111111 0 0.222222 0.222222 
Solution
0.888889 0.111111 0 0.111111 0 0.111111 0 0.111111 0.222222 0.111111 0 0.333333 0 0 0 0 0.111111 
Solution
0.555556 0.222222 0.222222 0.444444 0 0 0.111111 0 0.111111 0 0.111111 0.111111 0 0 0 0.222222 0 
Solution
0.888889 0.111111 0 0.111111 0 0.111111 0.444444 0 0 0.111111 0.111111 0.111111 0 0.111111 0.222222 0 0 
Solution
0.888889 0.111111 0 0 0 0 0 0.111111 0.222222 0 0.111111 0.222222 0 0.111111 0 0.111111 0.222222 
Solution
0.888889 0 0.111111 0.111111 0 0.111111 0.333333 0 0.111111 0 0 0 0.222222 0 0.555556 0 0 
Solution
0.888889 0.111111 0 0.111111 0 0.111111 0.222222 0 0.111111 0.111111 0 0.111111 0.111111 0 0.111111 0.111111 0.111111 
Solution
0.666667 0.111111 0.222222 0.111111 0 0 0 0.111111 0.111111 0.111111 0 0.111111 0 0.222222 0.222222 0 0.222222 
Solution
1 0 0 0.111111 0 0 0.333333 0 0.222222 0 0.222222 0 0.222222 0 0.111111 0 0 
Solution
1 0 0 0.222222 0 0 0 0 0.111111 0 0.333333 0.333333 0.111111 0 0.111111 0.111111 0 
Solution
1 0 0 0.444444 0 0 0 0 0.111111 0 0.222222 0 0.111111 0 0 0.111111 0.111111 
Solution
0.777778 0.111111 0.111111 0.333333 0 0 0 0.111111 0 0 0.333333 0.111111 0 0 0.111111 0.111111 0 
Solution
1 0 0 0.111111 0 0.111111 0.222222 0 0.444444 0 0.222222 0 0 0 0 0.111111 0 
Solution
0.888889 0 0.111111 0.333333 0 0 0.111111 0 0.111111 0.111111 0.111111 0 0 0.222222 0 0 0.111111 
Solution
1 0 0 0.111111 0 0 0.111111 0.111111 0.111111 0 0.222222 0 0.111111 0 0.111111 0.111111 0.222222 
Solution
0.666667 0.222222 0.111111 0.111111 0 0.111111 0.222222 0 0 0 0.111111 0.111111 0.222222 0.111111 0 0.222222 0.111111 
Solution
0.777778 0.111111 0.111111 0.111111 0 0.111111 0.111111 0 0.222222 0 0.333333 0.222222 0 0 0 0 0 
Solution
0.888889 0 0.111111 0.222222 0 0.111111 0.111111 0 0 0.111111 0.222222 0.111111 0.111111 0 0.111111 0 0.111111 
Solution
1 0 0 0.333333 0 0 0.111111 0 0.222222 0 0.111111 0.111111 0.222222 0 0 0.111111 0 
Solution
1 0 0 0.222222 0 0.111111 0 0 0.222222 0.222222 0 0 0 0.222222 0.222222 0 0.222222 
Solution
0.888889 0.111111 0 0 0 0 0.222222 0 0 0.333333 0.111111 0.111111 0 0.111111 0.333333 0 0.222222 
Solution
0.888889 0.111111 0 0.111111 0 0 0.111111 0 0 0 0.111111 0.222222 0 0.333333 0 0 0.111111 
Solution
0.777778 0 0.222222 0.111111 0 0.111111 0 0 0 0.111111 0.333333 0.111111 0 0 0 0 0.222222 
Solution
1 0 0 0.333333 0 0.222222 0.111111 0 0.111111 0 0 0 0 0.222222 0 0.111111 0 
Solution
0.888889 0 0.111111 0.222222 0 0 0.222222 0 0.111111 0 0.111111 0.111111 0.111111 0 0 0 0 
Solution
0.777778 0 0.222222 0.111111 0 0 0.111111 0 0.222222 0 0.222222 0.111111 0.111111 0.111111 0 0 0 
Solution
0.888889 0 0.111111 0.222222 0 0.222222 0 0 0.111111 0 0.222222 0 0 0 0 0 0.111111 
