Solution
0.857143 0.142857 0 0.285714 0 0 0 0.142857 0 0 0 0.428571 0 0.142857 0 0 0 
Solution
1 0 0 0.142857 0 0.142857 0.142857 0 0.142857 0.142857 0.142857 0 0.142857 0.285714 0 0.285714 0.142857 
Solution
0.857143 0.142857 0 0.142857 0 0.142857 0 0.142857 0.142857 0.142857 0.142857 0.285714 0.142857 0.142857 0 0 0 
Solution
1 0 0 0.285714 0 0 0 0 0.142857 0.142857 0.142857 0.142857 0.142857 0.142857 0 0.142857 0 
Solution
0.714286 0.142857 0.142857 0 0 0.285714 0.142857 0 0 0 0 0 0 0.428571 0.142857 0 0 
Solution
1 0 0 0.285714 0 0 0 0.142857 0.142857 0 0 0.285714 0.142857 0 0.142857 0.142857 0 
Solution
0.857143 0.142857 0 0.142857 0 0 0.285714 0.142857 0 0 0.142857 0.142857 0.428571 0 0.142857 0.142857 0 
Solution
0.714286 0.142857 0.142857 0.142857 0 0.142857 0 0.285714 0 0.142857 0 0 0.142857 0 0.285714 0 0.142857 
Solution
0.857143 0.142857 0 0 0 0 0.142857 0 0 0 0 0 0.142857 0.142857 0 0.142857 0.571429 
Solution
0.571429 0.285714 0.142857 0 0 0.285714 0 0 0 0.142857 0 0.142857 0.285714 0 0.142857 0.142857 0 
Solution
0.714286 0 0.285714 0.142857 0 0.428571 0 0 0 0.142857 0 0 0 0 0.142857 0 0 
Solution
1 0 0 0 0 0 0.142857 0.142857 0.142857 0.285714 0.142857 0.142857 0.142857 0 0 0.285714 0.142857 
Solution
0.857143 0 0.142857 0.285714 0 0.285714 0 0 0 0 0.142857 0 0 0 0.142857 0.142857 0.142857 
Solution
1 0 0 0.285714 0 0 0 0 0.285714 0.142857 0.142857 0 0.142857 0.142857 0.142857 0 0.142857 
Solution
0.571429 0.285714 0.142857 0.142857 0 0.142857 0 0 0.142857 0.285714 0.285714 0 0 0.285714 0.142857 0 0.142857 
Solution
1 0 0 0.142857 0 0 0.285714 0.142857 0 0.142857 0.142857 0.142857 0.142857 0.142857 0.142857 0 0 
Solution
0.857143 0 0.142857 0.285714 0 0 0.142857 0 0.285714 0 0 0 0.142857 0 0.142857 0 0 
Solution
0.857143 0.142857 0 0.285714 0 0.142857 0 0 0.142857 0 0 0 0 0.428571 0.142857 0 0 
Solution
1 0 0 0.142857 0 0 0.142857 0 0 0 0.285714 0 0 0.285714 0 0.285714 0.142857 
Solution
0.857143 0.142857 0 0.285714 0 0 0.428571 0 0 0 0.285714 0 0 0 0 0.142857 0.142857 
Solution
0.857143 0.142857 0 0 0 0 0 0.285714 0.142857 0.142857 0.142857 0.285714 0.142857 0 0.142857 0.285714 0 
Solution
1 0 0 0.428571 0 0 0.142857 0.142857 0.142857 0.142857 0 0 0 0 0.285714 0 0 
Solution
0.857143 0.142857 0 0.285714 0 0 0 0 0.142857 0.142857 0.142857 0 0.285714 0 0.285714 0.285714 0.142857 
Solution
1 0 0 0.285714 0 0.142857 0 0 0.142857 0 0.142857 0 0 0.142857 0.142857 0 0.142857 
Solution
0.857143 0 0.142857 0 0 0 0.285714 0.142857 0 0.142857 0.142857 0.142857 0 0.142857 0 0 0.142857 
Solution
0.857143 0 0.142857 0.285714 0 0 0.142857 0 0.142857 0.285714 0 0 0.142857 0.142857 0.142857 0 0.142857 
Solution
0.857143 0.142857 0 0.285714 0 0.142857 0 0 0 0.142857 0 0.142857 0 0.142857 0 0.285714 0.142857 
Solution
0.857143 0 0.142857 0 0 0 0.285714 0 0.142857 0.285714 0.142857 0.142857 0 0 0.142857 0 0 
Solution
0.857143 0.142857 0 0.142857 0 0 0.285714 0.142857 0.142857 0 0 0.142857 0.142857 0.285714 0 0.142857 0 
Solution
1 0 0 0.142857 0 0 0.285714 0 0.142857 0.142857 0 0 0.142857 0.285714 0.285714 0.142857 0 
Solution
0.857143 0 0.142857 0 0 0 0 0 0.285714 0.428571 0.142857 0.142857 0 0 0.142857 0.142857 0 
Solution
0.714286 0 0.285714 0.142857 0 0 0 0 0 0.142857 0.142857 0 0 0.428571 0.285714 0 0 
Solution
0.714286 0.142857 0.142857 0 0 0.142857 0.142857 0.142857 0 0 0 0.142857 0.142857 0 0 0.142857 0.142857 
Solution
1 0 0 0.142857 0 0 0.142857 0.142857 0.142857 0.142857 0 0 0 0.142857 0.142857 0.142857 0.142857 
Solution
1 0 0 0 0 0.142857 0 0.142857 0.285714 0 0.142857 0.142857 0 0.142857 0.142857 0 0.142857 
Solution
0.857143 0 0.142857 0.142857 0 0.142857 0.142857 0.142857 0 0.142857 0 0 0 0.142857 0.142857 0.285714 0.142857 
Solution
1 0 0 0 0 0 0 0.142857 0.285714 0 0 0.285714 0.285714 0 0.142857 0 0 
Solution
0.857143 0 0.142857 0.142857 0 0 0 0.142857 0 0.142857 0.142857 0 0 0 0.142857 0.142857 0.285714 
Solution
0.857143 0.142857 0 0.285714 0 0 0.142857 0 0.142857 0 0 0.142857 0.142857 0 0.142857 0.142857 0.142857 
Solution
0.857143 0.142857 0 0.142857 0 0 0.142857 0.142857 0 0 0 0.285714 0 0.142857 0 0.142857 0.142857 
Solution
1 0 0 0.142857 0 0 0.142857 0.142857 0 0.142857 0.142857 0.285714 0 0 0 0.285714 0.142857 
Solution
0.571429 0.142857 0.285714 0.142857 0 0.142857 0.142857 0.142857 0 0 0 0 0 0.142857 0 0 0 
Solution
0.714286 0.142857 0.142857 0.285714 0 0.142857 0.142857 0 0 0.142857 0 0 0 0.285714 0 0 0 
Solution
1 0 0 0.142857 0 0.142857 0.428571 0.142857 0.142857 0 0 0 0.142857 0 0 0.142857 0 
Solution
1 0 0 0 0 0.142857 0 0 0.142857 0 0.142857 0 0 0.428571 0 0 0.142857 
Solution
0.714286 0.142857 0.142857 0.142857 0 0.142857 0 0 0.285714 0 0 0 0.142857 0 0 0.428571 0.142857 
Solution
0.857143 0 0.142857 0 0 0.285714 0.142857 0 0 0.142857 0.142857 0 0.142857 0.285714 0 0.142857 0 
Solution
0.857143 0 0.142857 0.142857 0 0.142857 0 0 0.285714 0 0 0.142857 0.142857 0 0.142857 0.142857 0 
Solution
0.857143 0.142857 0 0.285714 0 0 0.142857 0.142857 0 0.142857 0.142857 0 0.285714 0 0 0.142857 0 
Solution
0.857143 0.142857 0 0.142857 0 0.142857 0.142857 0 0.142857 0 0.142857 0 0 0.285714 0 0 0 
Solution
0.714286 0 0.285714 0.142857 0 0.142857 0.142857 0 0 0 0 0 0.142857 0 0.285714 0.285714 0.142857 
Solution
1 0 0 0.142857 0 0 0.285714 0 0.285714 0 0.142857 0.142857 0 0 0 0.142857 0 
Solution
0.714286 0.142857 0.142857 0.285714 0 0 0 0 0.142857 0 0 0 0.142857 0.285714 0.142857 0 0 
Solution
0.714286 0 0.285714 0.285714 0 0 0 0.285714 0.142857 0 0.142857 0 0 0 0 0.142857 0 
Solution
0.714286 0 0.285714 0.285714 0 0 0.142857 0 0 0.142857 0.142857 0 0.142857 0 0 0 0 
Solution
0.857143 0 0.142857 0.285714 0 0 0 0 0 0 0.142857 0.285714 0 0 0.142857 0.142857 0.142857 
Solution
1 0 0 0.285714 0 0 0 0 0.142857 0 0.142857 0.142857 0.142857 0.142857 0 0.142857 0 
Solution
0.857143 0 0.142857 0 0 0 0 0.142857 0.285714 0 0 0.285714 0 0.142857 0.142857 0 0 
Solution
1 0 0 0.142857 0 0 0 0 0 0 0.142857 0.285714 0 0.428571 0 0 0.142857 
Solution
0.857143 0.142857 0 0.285714 0 0.142857 0.285714 0 0.142857 0.285714 0.285714 0 0 0 0.142857 0.142857 0 
Solution
1 0 0 0.428571 0 0 0.142857 0 0.142857 0.142857 0.285714 0.142857 0.142857 0.142857 0.142857 0.142857 0.142857 
Solution
0.571429 0 0.428571 0.142857 0 0.285714 0 0.285714 0 0 0.142857 0 0 0 0.142857 0 0 
Solution
1 0 0 0.142857 0 0 0.285714 0 0 0.142857 0.142857 0 0.428571 0 0.142857 0.142857 0.142857 
Solution
1 0 0 0.142857 0 0 0 0 0.285714 0 0 0.142857 0.428571 0.142857 0.285714 0 0 
Solution
1 0 0 0 0 0.142857 0.142857 0 0.142857 0.285714 0.142857 0.142857 0 0 0.428571 0.285714 0.142857 
Solution
0.714286 0.142857 0.142857 0 0 0 0.142857 0.142857 0 0.142857 0.285714 0 0.142857 0 0.142857 0.142857 0.285714 
Solution
1 0 0 0.428571 0 0 0.142857 0 0 0.285714 0.285714 0 0 0.142857 0.142857 0.142857 0.142857 
Solution
0.714286 0 0.285714 0 0 0.285714 0 0 0.285714 0 0 0 0.285714 0.142857 0 0 0 
Solution
0.714286 0.142857 0.142857 0.285714 0 0 0 0 0 0.142857 0.142857 0.142857 0.142857 0 0 0 0.142857 
Solution
0.857143 0 0.142857 0 0 0.285714 0 0 0 0 0 0.142857 0.285714 0.142857 0.142857 0.142857 0 
Solution
1 0 0 0 0 0.142857 0 0 0 0 0.428571 0.142857 0 0.142857 0.285714 0 0.142857 
Solution
0.714286 0.142857 0.142857 0 0 0 0 0.142857 0.142857 0 0.142857 0.285714 0 0 0.142857 0 0.142857 
Solution
0.857143 0.142857 0 0.285714 0 0 0 0 0 0.285714 0.142857 0.142857 0.142857 0 0.142857 0 0 
Solution
0.857143 0 0.142857 0 0 0 0 0 0.285714 0 0.142857 0.285714 0.142857 0.285714 0.142857 0.142857 0 
Solution
0.857143 0 0.142857 0 0 0.142857 0.142857 0 0.428571 0 0.142857 0 0.142857 0.142857 0.285714 0.142857 0 
Solution
1 0 0 0.142857 0 0 0 0 0 0 0 0.285714 0.285714 0.142857 0 0 0.142857 
Solution
0.857143 0 0.142857 0 0 0.142857 0.285714 0.142857 0 0 0.142857 0 0.142857 0 0.142857 0.142857 0 
Solution
0.714286 0.285714 0 0.285714 0 0 0.285714 0.142857 0 0.142857 0.142857 0 0.142857 0.142857 0.428571 0.142857 0.142857 
Solution
0.857143 0 0.142857 0 0 0 0.142857 0 0 0.142857 0 0.142857 0.142857 0.142857 0 0.142857 0.142857 
Solution
0.857143 0.142857 0 0 0 0 0 0.142857 0 0 0 0.428571 0 0.428571 0 0 0 
Solution
0.857143 0.142857 0 0 0 0 0.142857 0.285714 0 0.142857 0.142857 0 0.142857 0 0.142857 0.285714 0.142857 
Solution
0.571429 0 0.428571 0 0 0 0 0.142857 0.142857 0.142857 0.285714 0 0 0 0.142857 0.142857 0 
Solution
0.714286 0 0.285714 0.142857 0 0.142857 0 0 0 0 0 0.142857 0.142857 0 0.142857 0.142857 0.142857 
Solution
1 0 0 0.285714 0 0 0.142857 0 0.142857 0 0.285714 0.142857 0 0.142857 0.142857 0 0.142857 
Solution
1 0 0 0 0 0.142857 0.428571 0 0 0.142857 0 0.142857 0 0 0 0 0.142857 
Solution
1 0 0 0.142857 0 0 0.285714 0.142857 0 0 0 0.142857 0.142857 0.142857 0 0.285714 0.142857 
Solution
0.857143 0.142857 0 0 0 0 0.428571 0 0 0.142857 0.142857 0 0.142857 0.142857 0.142857 0.142857 0 
Solution
1 0 0 0 0 0.142857 0.285714 0.142857 0 0.142857 0 0.142857 0.142857 0 0 0 0 
Solution
0.714286 0.285714 0 0.142857 0 0 0.142857 0.142857 0.285714 0.428571 0 0 0 0 0 0 0.142857 
Solution
0.857143 0.142857 0 0.142857 0 0 0 0 0.142857 0.142857 0 0.142857 0.142857 0.142857 0.142857 0 0.142857 
Solution
1 0 0 0.142857 0 0.142857 0 0 0 0.285714 0 0.142857 0 0.142857 0.285714 0 0.285714 
Solution
0.857143 0 0.142857 0.285714 0 0 0 0 0 0 0.142857 0.142857 0.142857 0.142857 0 0.142857 0 
Solution
0.857143 0 0.142857 0 0 0 0.142857 0 0 0.142857 0.142857 0.142857 0.285714 0.142857 0.285714 0 0 
Solution
0.714286 0.142857 0.142857 0 0 0 0.142857 0.285714 0.142857 0.142857 0 0 0.142857 0 0.142857 0.285714 0.285714 
Solution
1 0 0 0 0 0.285714 0.285714 0 0.142857 0 0 0 0.142857 0 0.428571 0 0.142857 
Solution
1 0 0 0.142857 0 0 0.142857 0.142857 0 0 0 0.285714 0.142857 0.142857 0.142857 0 0 
Solution
0.571429 0.142857 0.285714 0.142857 0 0 0.285714 0 0.142857 0 0.285714 0 0 0 0 0.285714 0 
Solution
0.714286 0 0.285714 0 0 0.142857 0 0.142857 0 0 0 0.142857 0 0 0 0 0.285714 
Solution
1 0 0 0.142857 0 0 0 0.142857 0.285714 0 0.142857 0 0.142857 0.142857 0 0 0.285714 
Solution
0.857143 0 0.142857 0.142857 0 0.142857 0.142857 0 0 0.142857 0.142857 0 0.142857 0.142857 0 0.142857 0.142857 
