Solution
0 0 1 0 0 0 0.222222 0.222222 0 0 0 0 0 0 0 0 1 
Solution
0.222222 0.111111 0.666667 0 0 0 0.222222 0.222222 0.111111 0 0.222222 0.222222 0.222222 0.222222 0.111111 0 0.666667 
Solution
0.333333 0.111111 0.555556 0.222222 0.222222 0 0 0.111111 0 0.222222 0 0.111111 0 0.111111 0 0 0.555556 
Solution
0.222222 0 0.777778 0.222222 0.111111 0 0 0 0 0.111111 0 0 0 0 0 0 0.777778 
Solution
0 0.111111 0.888889 0.111111 0 0 0 0 0 0 0 0.111111 0 0 0 0.111111 0.888889 
Solution
0.111111 0 0.888889 0.111111 0 0 0 0 0 0 0 0 0 0 0 0.111111 0.888889 
Solution
0.111111 0 0.888889 0 0 0 0 0 0 0 0 0.111111 0 0 0 0 0.888889 
Solution
0 0 1 0 0 0 0 0 0 0.111111 0 0.111111 0 0.111111 0 0 1 
Solution
0.111111 0.111111 0.777778 0.222222 0.111111 0.111111 0 0 0 0.222222 0.333333 0.111111 0 0 0 0 0.777778 
Solution
0 0.111111 0.888889 0 0 0 0 0 0 0.111111 0.222222 0.111111 0.222222 0 0 0 0.888889 
Solution
0.222222 0 0.777778 0.111111 0 0 0.222222 0.111111 0 0.222222 0 0.111111 0.111111 0.111111 0 0 0.777778 
Solution
0 0 1 0 0 0 0 0 0 0 0 0 0 0 0 0 1 
Solution
0.222222 0.111111 0.666667 0 0.111111 0 0 0.111111 0 0 0.222222 0 0.222222 0.111111 0.111111 0 0.666667 
Solution
0 0.111111 0.888889 0 0 0 0 0 0 0 0.111111 0 0 0 0 0 0.888889 
Solution
0 0 1 0.111111 0.111111 0 0 0 0 0 0 0 0 0 0 0 1 
Solution
0.111111 0 0.888889 0.111111 0 0 0 0 0.111111 0.111111 0 0.222222 0 0 0 0.111111 0.888889 
Solution
0 0.111111 0.888889 0 0.111111 0 0 0 0 0.111111 0.111111 0 0 0.111111 0 0 0.888889 
Solution
0.111111 0.111111 0.777778 0 0 0 0 0 0 0.111111 0.222222 0 0.222222 0 0 0 0.777778 
Solution
0 0.111111 0.888889 0 0 0.111111 0 0 0.111111 0 0.111111 0 0.111111 0.222222 0 0 0.888889 
Solution
0 0 1 0 0 0 0.111111 0.111111 0 0.111111 0.222222 0 0.111111 0.111111 0 0 1 
Solution
0.111111 0 0.888889 0.111111 0.111111 0 0.111111 0 0 0.111111 0.333333 0 0.111111 0.111111 0 0 0.888889 
Solution
0 0.111111 0.888889 0 0 0 0 0 0 0.222222 0 0.222222 0 0.111111 0.111111 0.111111 0.888889 
Solution
0.111111 0 0.888889 0.111111 0.222222 0 0 0 0 0.111111 0 0.111111 0 0.111111 0 0 0.888889 
Solution
0.222222 0.111111 0.666667 0 0.111111 0 0 0 0 0.111111 0 0.111111 0 0.111111 0.111111 0 0.666667 
Solution
0.111111 0 0.888889 0.222222 0 0 0 0 0 0.111111 0.222222 0.111111 0 0.111111 0 0 0.888889 
Solution
0 0 1 0 0 0 0 0 0 0.111111 0.111111 0 0 0 0 0 1 
Solution
0.111111 0 0.888889 0 0 0.111111 0 0 0.111111 0.111111 0 0 0 0.111111 0.111111 0 0.888889 
Solution
0.333333 0 0.666667 0.111111 0 0 0 0 0 0 0.222222 0 0.111111 0.111111 0 0.111111 0.666667 
Solution
0 0.222222 0.777778 0.111111 0 0 0 0 0.111111 0 0.111111 0.111111 0.111111 0.111111 0.222222 0 0.777778 
Solution
0 0.111111 0.888889 0 0 0 0.111111 0.111111 0 0 0.111111 0.111111 0.222222 0 0 0 0.888889 
Solution
0.111111 0 0.888889 0 0.111111 0 0 0 0 0 0.111111 0 0.111111 0 0.222222 0.111111 0.888889 
Solution
0 0 1 0 0 0 0 0 0 0.111111 0.111111 0 0 0 0 0 1 
Solution
0 0 1 0 0 0 0.111111 0.111111 0 0.111111 0.111111 0.111111 0.111111 0 0 0 1 
Solution
0 0.111111 0.888889 0 0.111111 0 0 0 0 0.333333 0.333333 0 0 0.111111 0 0 0.888889 
Solution
0.111111 0 0.888889 0 0 0.111111 0 0 0.111111 0.111111 0 0 0 0.111111 0 0.111111 0.888889 
Solution
0 0 1 0 0 0.111111 0 0 0.111111 0.111111 0.111111 0.111111 0 0.222222 0 0 1 
Solution
0 0 1 0 0 0 0 0 0 0 0 0 0 0 0 0 1 
Solution
0.111111 0.111111 0.777778 0 0.111111 0.111111 0 0 0.111111 0.111111 0.111111 0 0 0 0 0 0.777778 
Solution
0 0.111111 0.888889 0.111111 0 0 0.111111 0.111111 0 0.111111 0.111111 0 0 0 0 0 0.888889 
Solution
0 0.111111 0.888889 0 0.111111 0 0 0 0 0 0 0 0 0.111111 0.222222 0.222222 0.888889 
Solution
0.111111 0.111111 0.777778 0 0 0.111111 0 0.111111 0 0.222222 0.111111 0 0.222222 0.111111 0.111111 0.111111 0.777778 
Solution
0.222222 0 0.777778 0 0.111111 0 0 0 0 0 0.111111 0 0 0 0.111111 0.111111 0.777778 
Solution
0 0.222222 0.777778 0 0 0.111111 0 0.111111 0.222222 0.111111 0.222222 0.111111 0.111111 0.333333 0 0.111111 0.888889 
Solution
0.111111 0 0.888889 0 0 0 0 0.111111 0 0 0 0 0 0 0 0 0.888889 
Solution
0.222222 0.111111 0.666667 0 0.111111 0 0.222222 0.111111 0 0.333333 0.444444 0 0 0.111111 0 0.333333 0.777778 
Solution
0 0 1 0.111111 0 0 0 0 0 0.111111 0.222222 0 0.111111 0.111111 0 0 1 
Solution
0.222222 0 0.777778 0.111111 0 0 0.111111 0.111111 0 0.111111 0 0 0.111111 0.111111 0.111111 0.111111 0.777778 
Solution
0 0.111111 0.888889 0 0 0 0 0.111111 0 0.222222 0.111111 0.111111 0.111111 0.111111 0 0 0.888889 
Solution
0.111111 0.222222 0.666667 0 0 0.111111 0 0 0 0.111111 0.222222 0.111111 0.111111 0.111111 0 0 0.666667 
Solution
0 0 1 0 0 0 0 0 0 0 0 0 0 0 0 0 1 
Solution
0.222222 0 0.777778 0.222222 0 0 0.111111 0.111111 0 0.111111 0.111111 0.222222 0.111111 0 0.111111 0 0.777778 
Solution
0.222222 0 0.777778 0.111111 0 0 0 0 0 0 0 0.222222 0.111111 0.111111 0.111111 0.111111 0.777778 
Solution
0.111111 0 0.888889 0.222222 0 0 0 0 0 0.222222 0.111111 0.111111 0.111111 0 0 0 0.888889 
Solution
0.333333 0.222222 0.444444 0.222222 0.111111 0 0 0 0 0.111111 0.222222 0.222222 0.222222 0.444444 0 0.111111 0.555556 
Solution
0 0.222222 0.777778 0.111111 0 0 0 0 0 0.111111 0.111111 0.111111 0.222222 0.111111 0 0.111111 0.777778 
Solution
0 0.111111 0.888889 0.111111 0 0 0 0 0 0 0.111111 0 0.111111 0 0 0 0.888889 
Solution
0.222222 0 0.777778 0 0 0 0 0 0 0.111111 0.333333 0 0 0 0 0.111111 0.777778 
Solution
0.111111 0.111111 0.777778 0 0 0.111111 0 0.111111 0.222222 0.111111 0.111111 0.111111 0.222222 0.222222 0 0 0.777778 
Solution
0.111111 0 0.888889 0 0 0 0 0 0 0 0.111111 0 0.111111 0 0 0 0.888889 
Solution
0.111111 0.111111 0.777778 0 0 0 0.111111 0 0.111111 0 0.333333 0 0.333333 0 0 0 0.777778 
Solution
0.333333 0 0.666667 0.111111 0.111111 0 0 0 0.111111 0 0.333333 0.111111 0.222222 0.222222 0 0.111111 0.666667 
Solution
0 0.111111 0.888889 0.111111 0 0 0 0 0 0.222222 0.111111 0 0.111111 0.111111 0 0.111111 0.888889 
Solution
0 0 1 0 0 0 0 0 0 0 0 0 0 0 0 0 1 
Solution
0 0.111111 0.888889 0 0 0 0 0 0 0.222222 0.333333 0 0.111111 0 0 0 0.888889 
Solution
0.111111 0 0.888889 0 0 0 0.222222 0.111111 0 0 0 0 0 0 0 0 0.888889 
Solution
0.111111 0.111111 0.777778 0 0 0.111111 0.111111 0 0 0.111111 0 0.222222 0 0.111111 0 0 0.777778 
Solution
0 0.111111 0.888889 0 0 0 0 0 0 0 0.111111 0.111111 0.111111 0 0 0 0.888889 
Solution
0.111111 0 0.888889 0.111111 0 0 0.111111 0.111111 0 0 0.111111 0.333333 0.222222 0 0.111111 0 0.888889 
Solution
0.111111 0.111111 0.777778 0 0 0 0 0.111111 0 0 0.111111 0.111111 0 0.111111 0 0 0.777778 
Solution
0.111111 0 0.888889 0 0 0 0 0.111111 0 0 0.111111 0.111111 0 0 0 0 0.888889 
Solution
0.111111 0.111111 0.777778 0 0 0 0 0 0.111111 0.111111 0.222222 0 0 0 0 0 0.777778 
Solution
0 0 1 0 0 0 0 0 0 0 0 0 0 0 0 0 1 
Solution
0.111111 0.222222 0.666667 0.333333 0.111111 0 0 0.111111 0 0.111111 0.111111 0.111111 0.111111 0.222222 0 0 0.666667 
Solution
0.222222 0 0.777778 0.222222 0.222222 0 0 0 0 0.111111 0 0.111111 0.111111 0 0 0 0.777778 
Solution
0.333333 0 0.666667 0 0 0 0 0 0 0 0.111111 0.111111 0 0 0.111111 0 0.666667 
Solution
0.111111 0.111111 0.777778 0 0.111111 0 0 0 0 0 0.222222 0.111111 0.111111 0 0 0 0.777778 
Solution
0.222222 0.222222 0.555556 0.333333 0 0 0 0 0 0 0.222222 0 0.222222 0.222222 0.222222 0.222222 0.555556 
Solution
0.111111 0.111111 0.777778 0 0 0 0.111111 0 0.111111 0.222222 0.222222 0.111111 0.111111 0.111111 0 0 0.777778 
Solution
0 0 1 0.111111 0.111111 0 0 0 0 0 0 0 0 0 0 0 1 
Solution
0.444444 0 0.555556 0 0.333333 0 0 0 0.222222 0.333333 0.555556 0 0.333333 0.333333 0 0.111111 0.555556 
Solution
0.222222 0 0.777778 0 0 0 0 0.111111 0 0.333333 0.333333 0.222222 0.222222 0.222222 0 0 0.777778 
Solution
0 0.111111 0.888889 0.111111 0 0 0 0 0 0.111111 0.111111 0.222222 0.222222 0.111111 0 0 0.888889 
Solution
0.111111 0 0.888889 0.222222 0.111111 0 0 0 0 0 0 0 0 0.111111 0.111111 0 0.888889 
Solution
0 0 1 0 0 0 0 0 0 0 0 0 0 0 0 0 1 
Solution
0.222222 0.111111 0.666667 0.111111 0 0 0 0 0 0.333333 0 0.222222 0 0.222222 0.111111 0 0.666667 
Solution
0 0 1 0 0 0 0 0 0 0 0 0.111111 0.111111 0 0 0 1 
Solution
0.111111 0.111111 0.777778 0 0.111111 0 0 0 0.111111 0.111111 0.222222 0 0.111111 0.222222 0 0 0.777778 
Solution
0.222222 0.111111 0.666667 0.222222 0 0 0 0.111111 0 0.111111 0.222222 0.111111 0.222222 0.111111 0.111111 0.222222 0.666667 
Solution
0 0 1 0 0 0 0 0 0 0.111111 0.111111 0 0 0 0 0 1 
Solution
0.222222 0.111111 0.666667 0 0.111111 0 0 0.111111 0 0 0.222222 0.111111 0.222222 0.222222 0.111111 0 0.777778 
Solution
0.111111 0 0.888889 0 0 0 0 0.111111 0 0.222222 0.111111 0.111111 0 0 0.111111 0.111111 0.888889 
Solution
0.111111 0 0.888889 0 0.111111 0 0 0 0 0.111111 0 0 0 0 0 0 0.888889 
Solution
0.222222 0 0.777778 0 0 0 0 0 0.111111 0.111111 0 0.111111 0 0 0 0 0.777778 
Solution
0.111111 0.111111 0.777778 0.111111 0.111111 0 0.111111 0.111111 0 0 0.222222 0.111111 0.111111 0.111111 0 0 0.777778 
Solution
0 0.111111 0.888889 0 0 0 0 0 0 0 0.111111 0 0 0 0 0 0.888889 
Solution
0 0.111111 0.888889 0.111111 0.111111 0 0.111111 0.111111 0 0 0.111111 0 0.111111 0 0.111111 0 0.888889 
Solution
0.111111 0.111111 0.777778 0.111111 0 0 0 0 0.111111 0.333333 0.222222 0.111111 0 0.111111 0 0 0.777778 
Solution
0.111111 0.111111 0.777778 0.111111 0 0 0 0 0 0.222222 0.111111 0 0 0 0 0 0.777778 
Solution
0 0.111111 0.888889 0.111111 0.111111 0 0 0 0 0.222222 0.222222 0.111111 0 0 0 0 0.888889 
Solution
0 0 1 0 0 0 0 0 0 0.111111 0.111111 0 0 0 0 0 1 
