Solution
0.333333 0.666667 0 0 0 1 0 0 0 0 0 0 0 0 0.333333 0.666667 0 
Solution
0.666667 0.333333 0 0 0 1 0 0 0 0 0 0 0 0 0.333333 0 0 
Solution
0 1 0 0 0 1 0 0 0 0 0 0 0 0 0.666667 0.333333 0 
Solution
0 1 0 0 0 1 0 0 0 0 0 0 0 0 0 0.333333 0 
Solution
0.333333 0.666667 0 0 0 1 0 0 0 0 0 0 0 0 0.666667 0 0 
Solution
0.333333 0.666667 0 0 0 1 0 0 0 0 0.333333 0 0.333333 0 0 0.333333 0 
Solution
0.666667 0.333333 0 0 0 1 0 0 0 0 0 0 0 0 0 0.666667 0 
Solution
0.333333 0.666667 0 0 0 1 0 0 0 0 0 0 0 0 0.666667 0.333333 0 
Solution
0.333333 0.666667 0 0 0 1 0 0 0 0 0 0 0 0 0 0.333333 0 
Solution
0.666667 0.333333 0 0 0 1 0 0 0 0 0 0 0 0 0.666667 0 0 
Solution
1 0 0 0 0 1 0 0 0 0 0 0 0 0 0.333333 0.666667 0 
Solution
0.666667 0.333333 0 0 0 1 0 0 0 0 0 0 0 0 0.333333 0.333333 0 
Solution
0.666667 0.333333 0 0 0 1 0 0 0 0 0.333333 0 0.333333 0.333333 0.333333 0.333333 0 
Solution
0.333333 0.666667 0 0 0 1 0 0 0 0 0 0 0 0 0.666667 0 0 
Solution
0.333333 0.666667 0 0 0.333333 0.666667 0.333333 0 0 0 0 0 0 0 0 0 0 
Solution
0.666667 0.333333 0 0 0 1 0 0 0 0 0 0 0 0 0.666667 0.333333 0 
Solution
0 1 0 0 0 1 0 0 0 0 0 0 0 0 0.333333 0 0 
Solution
0.666667 0.333333 0 0 0 1 0 0 0 0.333333 0 0.333333 0 0.333333 0 0.333333 0 
Solution
0.333333 0.666667 0 0 0 1 0 0 0 0 0 0 0 0 0.333333 0.333333 0 
Solution
1 0 0 0 0 1 0 0 0 0 0 0 0 0 0.333333 0 0 
Solution
1 0 0 0 0 1 0 0 0 0 0 0 0 0 0 0.333333 0 
Solution
1 0 0 0 0 1 0 0 0 0 0 0 0 0 0 0.333333 0 
Solution
0.666667 0.333333 0 0 0 1 0 0 0 0 0 0 0 0 0.333333 0.333333 0 
Solution
0 1 0 0 0 1 0 0 0 0 0 0 0 0 0 0.333333 0 
Solution
1 0 0 0 0 1 0 0 0 0 0 0 0 0 0 0 0 
Solution
0.666667 0.333333 0 0 0 1 0 0 0 0 0 0 0 0 0 0.666667 0 
Solution
0.333333 0.666667 0 0 0 1 0 0 0 0 0 0 0 0 0.333333 0 0 
Solution
0.666667 0.333333 0 0 0 1 0 0 0 0 0 0 0 0 0.333333 0 0 
Solution
0.666667 0.333333 0 0 0 1 0 0 0 0 0 0 0 0 1 0 0 
Solution
0.333333 0.666667 0 0 0 1 0 0 0 0 0 0 0 0 0.666667 0 0 
Solution
0.333333 0.666667 0 0 0 1 0 0 0 0 0 0 0 0 0.666667 0.333333 0 
Solution
0.666667 0.333333 0 0 0 1 0 0 0 0 0 0 0 0 0.333333 0 0 
Solution
0.666667 0.333333 0 0 0 1 0 0 0 0 0 0 0 0 0.333333 0 0 
Solution
1 0 0 0 0 1 0 0 0 0 0 0 0 0 0.333333 0.333333 0 
Solution
1 0 0 0 0 1 0 0 0 0 0 0 0 0 0 0.333333 0 
Solution
0.666667 0.333333 0 0 0 1 0 0 0 0 0 0 0 0 0 0.333333 0 
Solution
0.666667 0.333333 0 0 0 1 0 0 0 0 0 0 0 0 0 0.333333 0 
Solution
1 0 0 0 0 1 0 0 0 0 0 0 0 0 0 0.666667 0 
Solution
0.333333 0.666667 0 0 0 1 0 0 0 0 0 0 0 0 0.666667 0.333333 0 
Solution
1 0 0 0 0 1 0 0 0 0 0 0 0 0 0 0 0 
Solution
0.666667 0.333333 0 0 0 1 0 0 0 0 0 0 0 0 0 0.666667 0 
Solution
0.666667 0.333333 0 0 0 1 0 0 0 0 0 0 0 0 0 0 0 
Solution
0.666667 0.333333 0 0 0 1 0 0 0 0 0 0 0 0 0.333333 0.333333 0 
Solution
0.666667 0.333333 0 0 0 1 0 0 0 0 0 0 0 0 0.333333 0.333333 0 
Solution
0.666667 0.333333 0 0 0 1 0 0 0 0 0 0 0 0 0.333333 0.666667 0 
Solution
1 0 0 0 0 1 0 0 0 0 0 0 0 0 0.333333 0.666667 0 
Solution
0.666667 0.333333 0 0 0 1 0 0 0 0 0 0 0 0 0 0.333333 0 
Solution
0.333333 0.666667 0 0 0 1 0 0 0 0 0 0 0 0 0.333333 0.333333 0 
Solution
0.333333 0.666667 0 0 0 1 0 0 0 0 0 0 0 0 0.333333 0.333333 0 
Solution
0.666667 0.333333 0 0 0 1 0 0 0 0 0 0 0 0 0 1 0 
Solution
0.666667 0.333333 0 0 0 1 0 0 0 0 0 0 0 0 0 0.666667 0 
Solution
1 0 0 0 0 1 0 0 0 0 0 0 0 0 0 0 0 
Solution
0.333333 0.666667 0 0 0 1 0 0 0 0 0 0 0 0 0.333333 0.666667 0 
Solution
0.666667 0.333333 0 0 0 1 0 0 0 0 0.333333 0 0 0 0.333333 0.333333 0 
Solution
0.333333 0.666667 0 0 0 1 0 0 0 0 0 0 0 0 0.333333 0.333333 0 
Solution
0.333333 0.666667 0 0 0 1 0 0 0 0 0 0 0 0 0.333333 0.333333 0 
Solution
1 0 0 0 0 1 0 0 0 0 0 0 0 0 0.333333 0.333333 0 
Solution
0.666667 0.333333 0 0 0 1 0 0 0 0 0 0 0 0 0.333333 0.666667 0 
Solution
0.333333 0.666667 0 0 0 1 0 0 0 0 0 0 0 0 0 0.333333 0 
Solution
0.666667 0.333333 0 0 0 1 0 0 0 0 0 0 0 0 0 0.666667 0 
Solution
1 0 0 0 0 0.666667 0 0 0 0.333333 0 0 0 0.333333 0.333333 0.333333 0 
Solution
1 0 0 0 0 1 0 0 0 0 0 0 0 0 0 0.666667 0 
Solution
0.333333 0.666667 0 0 0 1 0 0 0 0 0 0 0 0 0.333333 0.333333 0 
Solution
0 1 0 0 0 1 0 0 0 0 0 0 0 0 0.666667 0.333333 0 
Solution
0 1 0 0 0 1 0 0 0 0 0 0 0 0 0.666667 0.333333 0 
Solution
0.666667 0.333333 0 0 0 1 0 0 0 0 0 0 0 0 0.666667 0.333333 0 
Solution
0.666667 0.333333 0 0 0 0.666667 0 0 0 0.333333 0 0 0 0 0.666667 0 0 
Solution
1 0 0 0 0 1 0 0 0 0 0 0 0 0 0.666667 0 0 
Solution
0.666667 0.333333 0 0 0 1 0 0 0 0 0 0 0 0 0 1 0 
Solution
0.666667 0.333333 0 0 0 1 0 0 0 0 0 0 0 0 0 0.333333 0 
Solution
0.666667 0.333333 0 0 0.333333 0.666667 0.333333 0 0 0 0 0 0 0 0 0.333333 0 
Solution
0.666667 0.333333 0 0 0 1 0 0 0 0 0 0 0 0 0.666667 0 0 
Solution
1 0 0 0 0 1 0 0 0 0 0 0 0 0 0.333333 0 0 
Solution
0.666667 0.333333 0 0 0 1 0 0 0 0 0 0 0 0 0 0.333333 0 
Solution
1 0 0 0 0 1 0 0 0 0 0 0 0 0 0 0 0 
Solution
0.333333 0.666667 0 0 0 1 0 0 0 0 0 0 0 0 0.333333 0 0 
Solution
0.666667 0.333333 0 0 0 1 0 0 0 0 0 0 0 0 0 0 0 
Solution
0.666667 0.333333 0 0 0 1 0 0 0 0 0 0 0 0 0.333333 0.333333 0 
Solution
0.666667 0.333333 0 0 0 1 0 0 0 0 0 0 0 0 0.333333 0 0 
Solution
0.333333 0.666667 0 0 0 1 0 0 0 0 0 0 0 0 0.333333 0.333333 0 
Solution
1 0 0 0 0 1 0 0 0 0 0 0 0 0 0 0 0 
Solution
0.333333 0.666667 0 0 0 1 0 0 0 0 0 0 0 0 0.333333 0.333333 0 
Solution
0.333333 0.666667 0 0 0 1 0 0 0 0 0 0 0 0 0.666667 0 0 
Solution
0.666667 0.333333 0 0 0 1 0 0 0 0 0 0 0 0 0.333333 0 0 
Solution
0.333333 0.666667 0 0 0 1 0 0 0 0 0 0 0 0 0 0.666667 0 
Solution
1 0 0 0 0 1 0 0 0 0 0 0 0 0 0.333333 0 0 
Solution
0.666667 0.333333 0 0 0 1 0 0 0 0 0 0 0 0 0.333333 0 0 
Solution
0.333333 0.666667 0 0 0 1 0 0 0 0 0 0 0 0 0.666667 0.333333 0 
Solution
0.666667 0.333333 0 0 0 1 0 0 0 0 0 0 0 0 0.666667 0.333333 0 
Solution
0.666667 0.333333 0 0 0 1 0 0 0 0 0 0 0 0 0 0.333333 0 
Solution
1 0 0 0 0 1 0 0 0 0 0 0 0 0 0 0.333333 0 
Solution
0.666667 0.333333 0 0 0 1 0 0 0 0 0 0 0 0 0.333333 0.333333 0 
Solution
1 0 0 0 0 1 0 0 0 0 0 0 0 0 0.666667 0.333333 0 
Solution
0.666667 0.333333 0 0 0 1 0 0 0 0 0 0 0 0 0.666667 0 0 
Solution
0.666667 0.333333 0 0 0 1 0 0 0 0 0 0 0 0 0.666667 0.333333 0 
Solution
0.666667 0.333333 0 0 0 1 0 0 0 0 0 0 0 0 0.666667 0 0 
Solution
0.333333 0.666667 0 0 0 1 0 0 0 0 0 0 0 0 0.666667 0.333333 0 
Solution
1 0 0 0 0.333333 0.666667 0.333333 0 0 0 0 0 0 0 0.333333 0 0 
Solution
1 0 0 0 0 1 0 0 0 0 0 0 0 0 0 0.333333 0 
Solution
0.666667 0.333333 0 0 0 1 0 0 0 0 0 0 0 0 0.333333 0.666667 0 
